0.000000e+00 0.000000 0.000000
3.000000e-08 804.156070 -167.103836
6.000000e-08 1294.511125 -211.710672
9.000000e-08 1768.805943 -251.746560
1.200000e-07 2211.886424 -291.494682
1.500000e-07 2643.533144 -330.052747
1.800000e-07 3063.393458 -367.493022
2.100000e-07 3475.060937 -407.106500
2.400000e-07 3870.917964 -440.137553
2.700000e-07 4261.579765 -468.352505
3.000000e-07 4658.460323 -497.642807
3.300000e-07 5058.391696 -526.740994
3.600000e-07 5454.309370 -556.079713
3.900000e-07 5828.357240 -586.758820
4.200000e-07 6209.239127 -622.465779
4.500000e-07 6609.505598 -659.140999
4.800000e-07 7030.115624 -692.373431
5.100000e-07 7458.295879 -727.927315
5.400000e-07 7864.910101 -769.854128
5.700000e-07 8218.351439 -813.997535
6.000000e-07 8527.429314 -851.011974
6.300000e-07 8806.395477 -881.607176
6.600000e-07 9067.147957 -908.546864
6.900000e-07 9317.721990 -932.219637
7.200000e-07 9536.229939 -949.434373
7.500000e-07 9738.409053 -963.731530
7.800000e-07 9933.444387 -976.621352
8.100000e-07 10118.616113 -989.896658
8.400000e-07 10274.522330 -1000.130314
8.700000e-07 10417.222645 -1010.402520
9.000000e-07 10535.874493 -1019.193773
9.300000e-07 10667.542332 -1029.919819
9.600000e-07 10796.734603 -1042.422281
9.900000e-07 10925.636842 -1055.154189
1.020000e-06 11043.958234 -1065.386888
1.050000e-06 11159.363020 -1072.576959
1.080000e-06 11271.175389 -1079.434810
1.110000e-06 11391.974478 -1085.955498
1.140000e-06 11514.534507 -1093.375155
1.170000e-06 11634.034454 -1099.983164
1.200000e-06 11761.823535 -1108.513665
1.230000e-06 11892.630545 -1119.159862
1.260000e-06 12026.243703 -1131.262968
1.290000e-06 12164.908282 -1145.155170
1.320000e-06 12288.234809 -1157.236697
1.350000e-06 12399.391590 -1166.909860
1.380000e-06 12495.080191 -1174.454574
1.410000e-06 12581.737118 -1178.421961
1.440000e-06 12642.706588 -1179.596401
1.470000e-06 12684.830629 -1177.562053
1.500000e-06 12705.402010 -1172.849627
1.530000e-06 12720.071815 -1168.131540
1.560000e-06 12734.982811 -1163.952576
1.590000e-06 12758.446995 -1163.069568
1.620000e-06 12774.048361 -1163.059800
1.650000e-06 12849.042748 -1166.125953
1.680000e-06 13055.810453 -1175.275374
1.710000e-06 13219.510825 -1182.564686
1.740000e-06 13398.856863 -1187.677899
1.770000e-06 13575.261690 -1195.757508
1.800000e-06 13745.810312 -1209.019967
1.830000e-06 13880.326089 -1222.761986
1.860000e-06 13980.301258 -1234.017942
1.890000e-06 14063.121720 -1238.847993
1.920000e-06 14127.595402 -1237.112864
1.950000e-06 14201.318449 -1235.039199
1.980000e-06 14293.414791 -1237.350133
2.010000e-06 14407.509473 -1245.947017
2.040000e-06 14537.049303 -1257.205797
2.070000e-06 14676.622466 -1270.018732
2.100000e-06 14821.122872 -1281.422269
2.130000e-06 14934.328283 -1287.953252
2.160000e-06 14986.963473 -1289.529664
2.190000e-06 14992.510709 -1285.359970
2.220000e-06 15005.940835 -1280.366963
2.250000e-06 15022.502858 -1279.232350
2.280000e-06 15037.688880 -1280.391913
2.310000e-06 15055.942977 -1284.452677
2.340000e-06 15051.171698 -1287.490534
2.370000e-06 15023.836721 -1286.315306
2.400000e-06 15000.656668 -1284.285551
2.430000e-06 14990.252235 -1281.896848
2.460000e-06 14977.297563 -1276.347228
2.490000e-06 14965.467049 -1268.537543
2.520000e-06 14961.647788 -1260.634761
2.550000e-06 14962.008772 -1252.515554
2.580000e-06 14973.431018 -1248.650055
2.610000e-06 14962.441926 -1247.170347
2.640000e-06 14930.745098 -1246.434001
2.670000e-06 14885.302471 -1246.352734
2.700000e-06 14831.512248 -1245.185799
2.730000e-06 14771.937251 -1242.105100
2.760000e-06 14692.948245 -1234.989063
2.790000e-06 14593.403513 -1222.662509
2.820000e-06 14473.625948 -1206.366449
2.850000e-06 14351.077207 -1189.139845
2.880000e-06 14219.965448 -1170.724421
2.910000e-06 14088.121547 -1153.291337
2.940000e-06 13965.830532 -1139.360543
2.970000e-06 13846.970077 -1128.671230
3.000000e-06 13728.977698 -1119.207696
3.030000e-06 13628.488805 -1112.214549
3.060000e-06 13507.745061 -1103.482785
3.090000e-06 13381.598752 -1093.551287
3.120000e-06 13234.519265 -1085.310967
3.150000e-06 13076.551715 -1075.684001
3.180000e-06 12934.280560 -1067.528401
3.210000e-06 12790.206834 -1059.708702
3.240000e-06 12654.165654 -1052.699193
3.270000e-06 12519.088721 -1045.896368
3.300000e-06 12390.339220 -1037.587168
3.330000e-06 12270.474284 -1028.905582
3.360000e-06 12162.859094 -1020.810648
3.390000e-06 12064.349075 -1015.871691
3.420000e-06 11985.856556 -1012.479130
3.450000e-06 11900.692228 -1010.195845
3.480000e-06 11800.988404 -1005.173813
3.510000e-06 11699.051855 -998.821642
3.540000e-06 11566.143892 -992.022058
3.570000e-06 11413.920304 -984.042508
3.600000e-06 11287.285655 -978.675064
3.630000e-06 11171.170545 -974.479542
3.660000e-06 11136.608390 -975.111656
3.690000e-06 11092.940404 -974.551827
3.720000e-06 11055.169917 -972.642274
3.750000e-06 11031.088617 -969.817240
3.780000e-06 11010.716580 -966.664154
3.810000e-06 10996.918779 -963.868247
3.840000e-06 10982.411711 -962.673418
3.870000e-06 10973.747318 -962.704046
3.900000e-06 10963.021730 -963.447174
3.930000e-06 10954.217326 -965.769310
3.960000e-06 10947.714398 -969.123155
3.990000e-06 10939.627203 -972.566423
4.020000e-06 10923.511150 -974.899080
4.050000e-06 10908.819763 -976.692657
4.080000e-06 10899.395240 -977.425962
4.110000e-06 10891.026363 -975.834823
4.140000e-06 10887.271402 -974.268527
4.170000e-06 10887.749477 -974.195612
4.200000e-06 10893.081224 -973.554250
4.230000e-06 10905.796960 -975.107705
4.260000e-06 10931.325709 -979.042031
4.290000e-06 10967.228385 -985.880571
4.320000e-06 11013.862094 -994.721740
4.350000e-06 11065.992335 -1004.832132
4.380000e-06 11121.347989 -1014.262613
4.410000e-06 11180.754456 -1024.393820
4.440000e-06 11235.393764 -1032.264186
4.470000e-06 11295.710372 -1039.384788
4.500000e-06 11349.146710 -1045.153441
4.530000e-06 11409.933724 -1050.562141
4.560000e-06 11487.324339 -1058.904309
4.590000e-06 11582.681218 -1070.504023
4.620000e-06 11694.205552 -1083.809537
4.650000e-06 11899.747148 -1105.059160
4.680000e-06 12128.242947 -1131.601699
4.710000e-06 12335.363732 -1154.715176
4.740000e-06 12547.626032 -1178.925364
4.770000e-06 12760.928870 -1204.396640
4.800000e-06 12956.709700 -1227.023418
4.830000e-06 13162.530076 -1251.119821
4.860000e-06 13378.186509 -1275.645305
4.890000e-06 13583.479070 -1295.604298
4.920000e-06 13814.946003 -1318.637225
4.950000e-06 14061.495969 -1345.033040
4.980000e-06 14310.865418 -1372.718751
5.010000e-06 14598.706541 -1407.337332
5.040000e-06 14880.020377 -1440.232950
5.070000e-06 15177.537338 -1472.618705
5.100000e-06 15479.587553 -1502.056318
5.130000e-06 15767.584347 -1528.941562
5.160000e-06 16061.877228 -1558.532819
5.190000e-06 16347.563232 -1588.905411
5.220000e-06 16624.148599 -1617.277913
5.250000e-06 16890.715608 -1645.493699
5.280000e-06 17162.201264 -1675.802949
5.310000e-06 17435.517507 -1707.901941
5.340000e-06 17697.608364 -1735.959582
5.370000e-06 17964.688788 -1765.163968
5.400000e-06 18239.476041 -1793.210280
5.430000e-06 18527.680187 -1823.446346
5.460000e-06 18802.597929 -1850.247009
5.490000e-06 19071.929819 -1875.099663
5.520000e-06 19341.098367 -1899.152972
5.550000e-06 19616.798372 -1926.379414
5.580000e-06 19899.591924 -1956.685223
5.610000e-06 20198.244956 -1990.132247
5.640000e-06 20502.482390 -2026.602751
5.670000e-06 20801.896369 -2061.182150
5.700000e-06 21108.068987 -2095.798723
5.730000e-06 21411.257829 -2129.484617
5.760000e-06 21708.481427 -2160.012380
5.790000e-06 22008.167321 -2190.636806
5.820000e-06 22310.481675 -2220.531051
5.850000e-06 22619.014584 -2251.062296
5.880000e-06 22948.660244 -2283.424643
5.910000e-06 23276.499948 -2316.143551
5.940000e-06 23605.508189 -2349.053166
5.970000e-06 23938.030673 -2383.745322
6.000000e-06 24275.670682 -2419.099445
6.030000e-06 24607.864261 -2455.326941
6.060000e-06 24931.560363 -2488.557912
6.090000e-06 25242.747668 -2524.221148
6.120000e-06 25536.130181 -2554.590674
6.150000e-06 25835.679566 -2584.644385
6.180000e-06 26122.388167 -2613.307333
6.210000e-06 26404.680486 -2639.645026
6.240000e-06 26685.391242 -2666.600748
6.270000e-06 26970.355602 -2732.729414
6.300000e-06 27270.994770 -2780.364738
6.330000e-06 27572.275996 -2819.939993
6.360000e-06 27881.630515 -2852.599663
6.390000e-06 28183.672282 -2886.331576
6.420000e-06 28476.687221 -2918.638907
6.450000e-06 28748.594509 -2949.933286
6.480000e-06 28992.013639 -2977.701575
6.510000e-06 29216.862028 -3000.799758
6.540000e-06 29419.888934 -3021.783013
6.570000e-06 29620.295716 -3043.460707
6.600000e-06 29818.239173 -3065.063743
6.630000e-06 30015.840475 -3085.950522
6.660000e-06 30221.378060 -3108.263386
6.690000e-06 30421.951664 -3128.749970
6.720000e-06 30624.940834 -3150.943090
6.750000e-06 30818.772012 -3172.219144
6.780000e-06 31004.967170 -3191.897700
6.810000e-06 31189.906578 -3209.858910
6.840000e-06 31367.531735 -3228.139138
6.870000e-06 31535.032077 -3245.975172
6.900000e-06 31709.745762 -3266.021835
6.930000e-06 31876.390883 -3286.664173
6.960000e-06 32038.823046 -3305.877439
6.990000e-06 32200.018551 -3326.748092
7.020000e-06 32369.893664 -3350.460468
7.050000e-06 32528.831658 -3369.487072
7.080000e-06 32685.461008 -3387.367530
7.110000e-06 32841.583155 -3403.333029
7.140000e-06 33257.674475 -3439.089951
7.170000e-06 33689.110494 -3454.803798
7.200000e-06 34069.512758 -3488.509971
7.230000e-06 34440.013429 -3520.765427
7.260000e-06 34797.132027 -3555.216420
7.290000e-06 35128.682406 -3587.092981
7.320000e-06 35460.583557 -3623.799679
7.350000e-06 35794.979605 -3661.126161
7.380000e-06 36104.671599 -3688.734819
7.410000e-06 36409.243264 -3711.486248
7.440000e-06 36716.009441 -3733.115215
7.470000e-06 37006.107342 -3752.757480
7.500000e-06 37261.657023 -3769.529815
7.530000e-06 37508.281266 -3788.627810
7.560000e-06 37794.028689 -3811.989994
7.590000e-06 38079.575031 -3830.982205
7.620000e-06 38373.660661 -3854.683250
7.650000e-06 38667.225183 -3883.776282
7.680000e-06 38944.210368 -3911.877473
7.710000e-06 39221.114410 -3938.684850
7.740000e-06 39505.098904 -3966.930287
7.770000e-06 39754.190869 -3990.775373
7.800000e-06 39962.914512 -4008.452968
7.830000e-06 40128.325275 -4019.162862
7.860000e-06 40269.200517 -4026.005278
7.890000e-06 40398.880342 -4031.671895
7.920000e-06 40510.254009 -4037.983752
7.950000e-06 40590.095332 -4042.468884
7.980000e-06 40648.761829 -4044.864300
8.010000e-06 40696.908461 -4045.266910
8.040000e-06 40747.723655 -4045.032568
8.070000e-06 40800.539198 -4048.513510
8.100000e-06 40858.793656 -4054.931242
8.130000e-06 40918.225926 -4064.088402
8.160000e-06 40980.261868 -4071.814349
8.190000e-06 41035.744655 -4077.404760
8.220000e-06 41087.235507 -4081.941371
8.250000e-06 41124.030905 -4083.738585
8.280000e-06 41160.147111 -4087.664273
8.310000e-06 41212.836632 -4091.932307
8.340000e-06 41276.232944 -4096.909139
8.370000e-06 41353.918425 -4103.499656
8.400000e-06 41419.294679 -4108.163402
8.430000e-06 41473.458799 -4112.894721
8.460000e-06 41509.575544 -4114.703389
8.490000e-06 41526.082247 -4114.553682
8.520000e-06 41513.482680 -4109.384550
8.550000e-06 41474.596101 -4102.589027
8.580000e-06 41385.113709 -4091.679549
8.610000e-06 41281.066823 -4080.301766
8.640000e-06 41168.377632 -4068.126615
8.670000e-06 41054.773088 -4056.849272
8.700000e-06 40950.288583 -4046.660813
8.730000e-06 40847.816292 -4036.999196
8.760000e-06 40742.922833 -4025.241301
8.790000e-06 40632.933068 -4007.418864
8.820000e-06 40554.514572 -3991.399826
8.850000e-06 40482.039488 -3975.894864
8.880000e-06 40429.422520 -3966.804251
8.910000e-06 40385.555868 -3962.327332
8.940000e-06 40325.258597 -3960.126341
8.970000e-06 40237.690296 -3956.034550
9.000000e-06 40113.112873 -3946.785803
9.030000e-06 39967.818568 -3934.562217
9.060000e-06 39800.469429 -3917.531082
9.090000e-06 39621.000539 -3899.754692
9.120000e-06 39449.999769 -3881.616062
9.150000e-06 39289.278047 -3865.853650
9.180000e-06 39140.883244 -3852.704631
9.210000e-06 38976.185522 -3837.293887
9.240000e-06 38813.494573 -3823.591449
9.270000e-06 38644.868732 -3810.277332
9.300000e-06 38477.565814 -3796.479360
9.330000e-06 38318.168759 -3780.877726
9.360000e-06 38197.327005 -3772.603675
9.390000e-06 38098.716674 -3767.745989
9.420000e-06 38034.278463 -3768.223698
9.450000e-06 37974.327931 -3770.890051
9.480000e-06 37923.562138 -3774.800392
9.510000e-06 37866.410948 -3777.562546
9.540000e-06 37808.868851 -3778.948585
9.570000e-06 37765.688645 -3779.970235
9.600000e-06 37734.881053 -3780.466947
9.630000e-06 37713.398894 -3779.575731
9.660000e-06 37686.342867 -3778.169409
9.690000e-06 37660.246207 -3776.239358
9.720000e-06 37631.678423 -3776.844925
9.750000e-06 37590.470304 -3777.716825
9.780000e-06 37560.923842 -3781.639222
9.810000e-06 37526.044475 -3785.182226
9.840000e-06 37497.679488 -3789.394328
9.870000e-06 37481.197589 -3793.218995
9.900000e-06 37467.055814 -3797.459924
9.930000e-06 37446.677997 -3798.436254
9.960000e-06 37433.239972 -3800.585406
9.990000e-06 37437.224374 -3804.165866
1.002000e-05 37467.209009 -3810.508977
1.005000e-05 37526.619406 -3820.370182
1.008000e-05 37609.750160 -3831.451995
1.011000e-05 37718.372236 -3847.082679
1.014000e-05 37824.919949 -3861.349362
1.017000e-05 37941.775770 -3878.834530
1.020000e-05 38045.837922 -3893.956292
1.023000e-05 38135.644211 -3908.689724
1.026000e-05 38215.226816 -3922.486357
1.029000e-05 38299.187483 -3939.435896
1.032000e-05 38369.512000 -3954.637915
1.035000e-05 38439.857989 -3968.820967
1.038000e-05 38517.352026 -3984.055001
1.041000e-05 38611.355705 -4000.594533
1.044000e-05 38729.670117 -4019.602872
1.047000e-05 38878.527237 -4042.466431
1.050000e-05 39044.251005 -4067.381866
1.053000e-05 39233.566992 -4093.170425
1.056000e-05 39445.983464 -4120.855508
1.059000e-05 39684.135015 -4151.648545
1.062000e-05 39934.375241 -4185.919891
1.065000e-05 40191.438717 -4221.732333
1.068000e-05 40463.039335 -4261.129210
1.071000e-05 40755.232941 -4303.434872
1.074000e-05 41049.886171 -4347.599653
1.077000e-05 41344.133124 -4389.999803
1.080000e-05 41644.688698 -4432.273722
1.083000e-05 41943.471605 -4471.250354
1.086000e-05 42241.779882 -4507.641612
1.089000e-05 42542.819708 -4555.161258
1.092000e-05 42812.317578 -4593.620701
1.095000e-05 43085.546720 -4625.766833
1.098000e-05 43359.866431 -4661.973015
1.101000e-05 43641.220813 -4700.336184
1.104000e-05 43903.877435 -4736.526170
1.107000e-05 44176.095301 -4773.109106
1.110000e-05 44453.497205 -4812.195780
1.113000e-05 44730.955120 -4848.072492
1.116000e-05 45007.117847 -4882.088711
1.119000e-05 45294.126930 -4917.769877
1.122000e-05 45566.183325 -4949.787767
1.125000e-05 45827.194450 -4979.114051
1.128000e-05 46091.732322 -5008.595132
1.131000e-05 46358.798395 -5039.097568
1.134000e-05 46624.617501 -5071.365800
1.137000e-05 46875.293902 -5100.500677
1.140000e-05 47138.107777 -5132.382649
1.143000e-05 47395.320566 -5164.187248
1.146000e-05 47633.901660 -5193.772214
1.149000e-05 47865.244584 -5224.753164
1.152000e-05 48069.615547 -5252.967344
1.155000e-05 48260.531161 -5278.903412
1.158000e-05 48446.543724 -5303.151299
1.161000e-05 48636.378701 -5327.044218
1.164000e-05 48822.504904 -5349.226583
1.167000e-05 49023.745095 -5374.358320
1.170000e-05 49239.482402 -5402.182593
1.173000e-05 49477.296169 -5433.819684
1.176000e-05 49713.732486 -5463.815023
1.179000e-05 49964.459476 -5496.417384
1.182000e-05 50215.407080 -5529.033904
1.185000e-05 50472.168884 -5563.840844
1.188000e-05 50730.947619 -5598.643826
1.191000e-05 50980.922728 -5632.317283
1.194000e-05 51214.341002 -5661.734677
1.197000e-05 51445.838992 -5691.894172
