0.000000e+00 0.000000 0.000000
1.000000e-07 1921.830608 -265.091737
2.000000e-07 3336.308716 -393.465345
3.000000e-07 4660.063217 -498.368243
4.000000e-07 6003.237618 -605.990402
5.000000e-07 7451.540381 -735.621774
6.000000e-07 8709.834348 -883.647087
7.000000e-07 9619.525911 -974.912696
8.000000e-07 10394.252396 -1039.912124
9.000000e-07 10989.633919 -1088.443834
1.000000e-06 11549.868842 -1142.114243
1.100000e-06 12101.766232 -1191.075596
1.200000e-06 12674.647123 -1240.731193
1.300000e-06 13253.762784 -1308.043189
1.400000e-06 15513.834131 -1543.131199
1.500000e-06 17209.596393 -1695.127090
1.600000e-06 18655.907392 -1808.403585
1.700000e-06 20133.940291 -1924.860327
1.800000e-06 21988.324235 -2119.992217
1.900000e-06 23800.704500 -2328.584824
2.000000e-06 25608.341945 -2500.162339
2.100000e-06 27336.250774 -2664.493469
2.200000e-06 28534.331563 -2754.731368
2.300000e-06 29517.469183 -2859.177459
2.400000e-06 30548.093645 -2987.336499
2.500000e-06 31682.346193 -3093.994176
2.600000e-06 33787.331402 -3252.762097
2.700000e-06 36459.667987 -3531.958046
2.800000e-06 38291.060623 -3702.683164
2.900000e-06 39801.497110 -3774.784467
3.000000e-06 41651.710936 -3948.045680
3.100000e-06 44062.208799 -4188.603169
3.200000e-06 46358.022460 -4462.418849
3.300000e-06 48188.401455 -4634.244980
3.400000e-06 49722.868098 -4791.658913
3.500000e-06 50657.165536 -4859.565348
3.600000e-06 51679.545467 -4987.814366
3.700000e-06 53003.158441 -5155.033694
3.800000e-06 54589.300944 -5306.821164
3.900000e-06 56594.316203 -5512.950300
4.000000e-06 59279.758883 -5747.450185
4.100000e-06 61034.636065 -5890.022838
4.200000e-06 62918.012311 -5973.341276
4.300000e-06 65592.378254 -6163.200803
4.400000e-06 68768.199896 -6499.191437
4.500000e-06 71032.488500 -6755.743248
4.600000e-06 72774.881815 -6859.897721
4.700000e-06 74315.057947 -6966.163022
4.800000e-06 75364.698167 -7022.920259
4.900000e-06 76497.942558 -7157.586934
5.000000e-06 77888.204454 -7322.830118
5.100000e-06 79310.267917 -7397.381276
5.200000e-06 81007.050169 -7544.246628
5.300000e-06 83312.358764 -7783.140747
5.400000e-06 84920.031408 -7913.274798
5.500000e-06 87041.675107 -8039.891520
5.600000e-06 89900.154127 -8269.433505
5.700000e-06 92956.456473 -8612.284242
5.800000e-06 95061.736314 -8887.589715
5.900000e-06 96901.951471 -9028.104055
6.000000e-06 98838.210966 -9179.288821
6.100000e-06 100214.489374 -9319.277399
6.200000e-06 101491.617668 -9498.558393
6.300000e-06 103000.795492 -9661.534130
6.400000e-06 105104.603917 -9769.195934
6.500000e-06 107735.939351 -9968.879260
6.600000e-06 109727.955386 -10205.326256
6.700000e-06 111584.258703 -10290.309078
6.800000e-06 114192.997574 -10472.147801
6.900000e-06 117155.061406 -10747.506335
7.000000e-06 119273.430811 -11029.120549
7.100000e-06 120612.615388 -11147.624118
7.200000e-06 122301.857756 -11257.075792
7.300000e-06 123779.349945 -11405.368084
7.400000e-06 125037.318182 -11569.889858
7.500000e-06 126275.260099 -11710.860792
7.600000e-06 127865.691743 -11857.207835
7.700000e-06 131068.309603 -12087.423052
7.800000e-06 133476.183482 -12356.381297
7.900000e-06 135362.080114 -12524.297406
8.000000e-06 138009.195530 -12709.794504
8.100000e-06 141185.725399 -12953.100114
8.200000e-06 143737.421540 -13297.835045
8.300000e-06 145408.048838 -13504.012941
8.400000e-06 147086.441117 -13580.444548
8.500000e-06 148602.674686 -13647.823516
8.600000e-06 149766.714033 -13877.505984
8.700000e-06 151029.161789 -14055.626797
8.800000e-06 153422.776044 -14186.483409
8.900000e-06 156009.590064 -14335.884419
9.000000e-06 157891.709977 -14493.308122
9.100000e-06 159526.323914 -14605.287485
9.200000e-06 161860.489026 -14806.983228
9.300000e-06 164664.873777 -15069.159687
9.400000e-06 166790.079614 -15312.097201
9.500000e-06 168166.022885 -15470.163915
9.600000e-06 169744.034890 -15607.274270
9.700000e-06 171270.810608 -15747.990534
9.800000e-06 172907.460917 -16041.551973
9.900000e-06 174305.935091 -16252.361451
1.000000e-05 176739.027914 -16508.904150
1.010000e-05 179361.049342 -16705.707533
1.020000e-05 181379.299307 -16867.155196
1.030000e-05 183335.757765 -17045.439268
1.040000e-05 185935.875164 -17188.250991
1.050000e-05 188733.585016 -17470.168670
1.060000e-05 190690.346248 -17722.116025
1.070000e-05 192245.972067 -17853.752754
1.080000e-05 193610.016561 -17929.850180
1.090000e-05 194774.690204 -18082.541936
1.100000e-05 196106.043165 -18273.643239
1.110000e-05 197516.989587 -18459.830715
1.120000e-05 199202.770333 -18576.375335
1.130000e-05 201218.260578 -18710.303079
1.140000e-05 202896.508376 -18854.193224
1.150000e-05 204552.756092 -18986.099703
1.160000e-05 207278.455272 -19209.856903
1.170000e-05 209908.601615 -19476.987881
1.180000e-05 211859.572569 -19707.603417
1.190000e-05 213412.990282 -19873.127576
1.200000e-05 215382.687363 -20046.063477
1.210000e-05 216990.261884 -20222.652525
1.220000e-05 218490.784758 -20401.909732
1.230000e-05 219722.707601 -20507.400667
1.240000e-05 221253.202923 -20598.459761
1.250000e-05 222397.674100 -20715.401755
1.260000e-05 223297.771820 -20821.892307
1.270000e-05 224146.913982 -20884.723263
1.280000e-05 225280.972811 -20950.344254
1.290000e-05 226356.182199 -21139.494011
1.300000e-05 226974.217127 -21229.967561
1.310000e-05 227657.655264 -21300.719532
1.320000e-05 228477.848491 -21330.742295
1.330000e-05 229212.891318 -21383.033652
1.340000e-05 230384.219886 -21557.354302
1.350000e-05 231956.735590 -21807.908439
1.360000e-05 233683.708358 -22093.960810
1.370000e-05 235186.089872 -22356.671194
1.380000e-05 236557.323376 -22583.749212
1.390000e-05 238293.558052 -22898.812658
1.400000e-05 239897.627922 -23187.531192
1.410000e-05 241287.737769 -23433.848277
1.420000e-05 242321.710245 -23627.018225
1.430000e-05 243061.250268 -23769.513016
1.440000e-05 244199.361264 -23957.915488
1.450000e-05 245240.261963 -24144.450778
1.460000e-05 246430.921014 -24364.557516
1.470000e-05 247245.911061 -24553.489417
1.480000e-05 248047.409969 -24689.394345
1.490000e-05 248860.494998 -24865.964789
1.500000e-05 249693.618077 -25020.209312
1.510000e-05 250672.487627 -25178.849600
1.520000e-05 251527.315490 -25342.667440
1.530000e-05 252236.593920 -25495.512218
1.540000e-05 253039.333873 -25670.641220
1.550000e-05 253695.231429 -25786.245058
1.560000e-05 254441.457188 -25915.703171
1.570000e-05 255144.464613 -26151.097052
1.580000e-05 255880.482823 -26273.609834
1.590000e-05 256500.458166 -26417.278201
1.600000e-05 256929.181194 -26523.336329
1.610000e-05 257499.854370 -26597.834745
1.620000e-05 258058.672080 -26701.286774
1.630000e-05 258593.434163 -26804.611185
1.640000e-05 259050.495886 -26899.752289
1.650000e-05 259352.952382 -26936.847214
1.660000e-05 259797.445264 -27012.561152
1.670000e-05 260282.897947 -27110.419730
1.680000e-05 260819.802693 -27358.309462
1.690000e-05 261355.883596 -27475.007208
1.700000e-05 261807.773195 -27583.416289
1.710000e-05 262227.701760 -27641.306583
1.720000e-05 262676.838098 -27710.642977
1.730000e-05 263283.811037 -27802.413688
1.740000e-05 263849.579164 -27929.663934
1.750000e-05 264321.707383 -28011.135571
1.760000e-05 264792.670071 -28088.041593
1.770000e-05 265191.799042 -28142.403820
1.780000e-05 265620.694515 -28197.812826
1.790000e-05 266197.626575 -28383.768932
1.800000e-05 266620.125813 -28476.750830
1.810000e-05 267059.864403 -28564.843647
1.820000e-05 267480.428325 -28632.640712
1.830000e-05 267932.878260 -28683.335087
1.840000e-05 268385.434344 -28750.764663
1.850000e-05 268759.828667 -28783.922496
1.860000e-05 269238.030471 -28967.697366
1.870000e-05 269697.530933 -29062.464267
1.880000e-05 270039.129487 -29131.804344
1.890000e-05 270473.736657 -29187.692089
1.900000e-05 270832.838363 -29218.852049
1.910000e-05 271227.895314 -29267.300396
1.920000e-05 271627.187383 -29327.968313
1.930000e-05 272057.479747 -29395.285991
1.940000e-05 272454.078880 -29456.713247
1.950000e-05 272840.813855 -29510.020476
1.960000e-05 273315.091786 -29585.612806
1.970000e-05 273753.230695 -29729.884701
1.980000e-05 274131.897815 -29808.035094
1.990000e-05 274477.103007 -29855.387404
2.000000e-05 274817.406316 -29912.396786
2.010000e-05 275119.107669 -29948.907050
2.020000e-05 275379.892314 -30157.037785
2.030000e-05 275683.354378 -30192.505584
2.040000e-05 275850.626342 -30245.207228
2.050000e-05 275927.873544 -30240.237269
2.060000e-05 275991.889796 -30205.402375
2.070000e-05 276201.916056 -30231.484417
2.080000e-05 276314.211335 -30272.330490
2.090000e-05 276466.286184 -30308.484262
2.100000e-05 276563.813096 -30329.742454
2.110000e-05 276772.523303 -30362.596203
2.120000e-05 276938.227019 -30394.702108
2.130000e-05 277152.555669 -30540.704789
2.140000e-05 277483.192467 -30620.576961
2.150000e-05 277792.086431 -30703.032404
2.160000e-05 278283.588122 -30894.772105
2.170000e-05 278864.499995 -31284.516081
2.180000e-05 279387.620110 -31667.476143
2.190000e-05 279998.621982 -32125.398659
2.200000e-05 280643.699464 -32518.207837
2.210000e-05 281274.673346 -32923.792173
2.220000e-05 281826.165089 -33325.481043
2.230000e-05 282332.329752 -33697.992106
2.240000e-05 282872.998651 -34065.280903
2.250000e-05 283359.516566 -34421.714655
2.260000e-05 284060.787940 -34825.403631
2.270000e-05 284670.046242 -35196.371976
2.280000e-05 285271.856138 -35562.128328
2.290000e-05 285958.678062 -36058.757812
2.300000e-05 286619.922442 -36470.402414
2.310000e-05 287387.714718 -36923.677905
2.320000e-05 288099.472592 -37319.612433
2.330000e-05 288739.751234 -37664.773682
2.340000e-05 289391.552072 -38011.849083
2.350000e-05 290184.985804 -38407.796412
2.360000e-05 290889.563590 -38779.272488
2.370000e-05 291536.625890 -39124.408046
2.380000e-05 292224.364391 -39482.115279
2.390000e-05 292992.609924 -39868.697416
2.400000e-05 293705.532827 -40220.491748
2.410000e-05 294419.802427 -40603.382075
2.420000e-05 295126.427866 -40958.755132
2.430000e-05 293430.725499 -42421.709829
2.440000e-05 294553.752379 -42196.883359
2.450000e-05 294644.932454 -42443.133827
2.460000e-05 294343.974654 -42436.057648
2.470000e-05 294136.102124 -42498.157974
2.480000e-05 294496.762860 -42734.137413
2.490000e-05 295304.189530 -43251.278356
2.500000e-05 295724.833660 -43643.743077
2.510000e-05 296416.049127 -43976.891699
2.520000e-05 297388.456346 -44425.652906
2.530000e-05 297293.651529 -44737.767904
2.540000e-05 297812.165417 -45177.473862
2.550000e-05 298073.405912 -45489.169336
2.560000e-05 298944.414595 -45972.349143
2.570000e-05 299620.981420 -46432.524267
2.580000e-05 299726.349775 -46666.352193
2.590000e-05 299842.263488 -47136.371057
2.600000e-05 300314.580264 -47364.085149
2.610000e-05 301133.120731 -47753.606518
2.620000e-05 301231.343846 -48093.842414
2.630000e-05 301787.231501 -48427.696616
2.640000e-05 302535.731618 -48880.907624
2.650000e-05 302881.542411 -49246.566488
2.660000e-05 302776.812377 -49488.789858
2.670000e-05 303358.082372 -49828.974752
2.680000e-05 304241.538984 -50223.127045
2.690000e-05 304376.680729 -50608.901577
2.700000e-05 304631.137752 -50966.556880
2.710000e-05 304823.543727 -51229.982816
2.720000e-05 305290.467096 -51658.405172
2.730000e-05 305640.325736 -52068.619861
2.740000e-05 306076.400572 -52368.039007
2.750000e-05 306220.862018 -52618.648104
2.760000e-05 306582.806688 -52953.139435
2.770000e-05 307196.773282 -53213.210538
2.780000e-05 307976.393826 -53564.289749
2.790000e-05 307917.569596 -53802.075511
2.800000e-05 308291.464775 -53999.504354
2.810000e-05 308658.759348 -54145.318110
2.820000e-05 308675.883817 -54336.177319
2.830000e-05 309032.880396 -54542.697514
2.840000e-05 309305.232945 -54741.371707
2.850000e-05 309574.888562 -54871.856614
2.860000e-05 309616.739582 -55047.983078
2.870000e-05 309836.394612 -55180.986872
2.880000e-05 309984.591713 -55326.672323
2.890000e-05 310284.365658 -55601.508647
2.900000e-05 310490.556902 -55812.861645
2.910000e-05 310829.209059 -55954.095687
2.920000e-05 310958.816141 -56065.771169
2.930000e-05 311303.360875 -56247.709963
2.940000e-05 306767.696562 -56832.310986
2.950000e-05 307106.287692 -55023.478298
2.960000e-05 305725.040983 -53959.669513
2.970000e-05 303929.496182 -52564.356074
2.980000e-05 302806.837831 -51944.603847
2.990000e-05 302208.180670 -51333.587251
3.000000e-05 302251.686387 -51272.865525
3.010000e-05 301561.450240 -50878.050760
3.020000e-05 301482.485358 -50485.041167
3.030000e-05 301962.690006 -50244.409490
3.040000e-05 300529.718792 -49621.711690
3.050000e-05 300019.502505 -49211.417695
3.060000e-05 299217.654975 -48704.769627
3.070000e-05 298464.961307 -45662.961224
3.080000e-05 296318.453811 -44705.741990
3.090000e-05 295054.508504 -43038.786484
3.100000e-05 294339.863619 -43024.273921
3.110000e-05 294804.787068 -43831.146260
3.120000e-05 295825.437037 -45055.959550
3.130000e-05 295998.654158 -46088.566832
3.140000e-05 296810.248254 -47048.084780
3.150000e-05 298390.619121 -48246.681061
3.160000e-05 298783.180432 -49218.687929
3.170000e-05 298550.450484 -49757.099940
3.180000e-05 299623.393301 -50894.421361
3.190000e-05 300836.248936 -51706.929085
3.200000e-05 301028.051960 -52795.946467
3.210000e-05 301296.692234 -53534.637441
3.220000e-05 301296.432615 -54215.620692
3.230000e-05 301951.099106 -55001.849915
3.240000e-05 302209.369260 -55989.590740
3.250000e-05 302974.990260 -56853.564086
3.260000e-05 303147.144279 -57214.381913
3.270000e-05 303360.421359 -57589.207248
3.280000e-05 303797.440380 -57923.633121
3.290000e-05 304856.556817 -58482.022025
3.300000e-05 304313.955021 -58468.986398
3.310000e-05 302024.663967 -58670.227938
3.320000e-05 303494.810547 -58974.643894
3.330000e-05 303493.833891 -59011.180593
3.340000e-05 303494.086828 -59015.193065
3.350000e-05 302968.007333 -59366.035149
3.360000e-05 303039.841519 -59052.061166
3.370000e-05 303202.265185 -59384.367615
3.380000e-05 303608.085967 -59795.303216
3.390000e-05 304041.391334 -60350.642770
3.400000e-05 301942.916793 -60334.319707
3.410000e-05 300992.136814 -60772.221796
3.420000e-05 301037.547606 -61062.470231
3.430000e-05 299545.641906 -60432.439476
3.440000e-05 299475.653108 -60954.242345
3.450000e-05 299754.750699 -61531.336844
3.460000e-05 299520.390471 -60817.903627
3.470000e-05 299577.489579 -61876.176000
3.480000e-05 299973.194958 -62102.064428
3.490000e-05 300071.673181 -61493.897882
3.500000e-05 300156.787587 -62527.574030
3.510000e-05 299983.602134 -62638.457287
3.520000e-05 299694.365663 -62050.209826
3.530000e-05 300406.233687 -62991.220131
3.540000e-05 300143.005846 -62662.948097
3.550000e-05 299743.099804 -62231.889552
3.560000e-05 300371.902649 -63320.011414
3.570000e-05 299770.929839 -62425.628388
3.580000e-05 299814.032492 -62666.444004
3.590000e-05 299518.073750 -63341.601479
3.600000e-05 299817.427932 -62534.590923
3.610000e-05 299973.780902 -63440.838445
3.620000e-05 301189.966248 -63934.573654
3.630000e-05 300521.848412 -62842.718430
3.640000e-05 301973.966547 -64416.696521
3.650000e-05 302793.927592 -64135.043683
3.660000e-05 303860.646208 -64192.602630
3.670000e-05 304723.153805 -65783.789365
3.680000e-05 305273.155099 -64439.938332
3.690000e-05 306254.659930 -65148.257869
3.700000e-05 307345.118161 -66623.329660
3.710000e-05 307511.723526 -65317.449539
3.720000e-05 309136.398723 -67622.632082
3.730000e-05 309801.080357 -68144.789829
3.740000e-05 310179.771388 -67291.557771
3.750000e-05 312246.361242 -69978.809788
3.760000e-05 312450.754866 -69516.751027
3.770000e-05 313422.225488 -69728.993182
3.780000e-05 314926.760516 -71733.421109
3.790000e-05 315128.120991 -71137.107368
3.800000e-05 316976.167383 -72418.737229
3.810000e-05 317875.034261 -73254.369093
3.820000e-05 318596.616569 -73435.154337
3.830000e-05 319808.185537 -74469.160593
3.840000e-05 320462.924336 -74114.019537
3.850000e-05 321694.881832 -76174.899408
3.860000e-05 322343.626651 -75530.136708
3.870000e-05 322673.595619 -75844.971769
3.880000e-05 324551.546862 -78471.031920
3.890000e-05 323876.298354 -76027.973890
3.900000e-05 321724.180715 -78638.300365
3.910000e-05 320443.370201 -79710.461587
3.920000e-05 318955.737428 -76421.582426
3.930000e-05 318765.784851 -80040.350270
3.940000e-05 317745.763669 -78301.327484
3.950000e-05 317668.829300 -78010.238519
3.960000e-05 317075.079717 -82371.832038
3.970000e-05 316006.123643 -77631.768106
3.980000e-05 317235.786434 -79490.570483
3.990000e-05 315886.571816 -79707.765858
4.000000e-05 315099.472213 -77312.475613
4.010000e-05 316696.816753 -81727.274976
4.020000e-05 314958.195621 -77729.050734
4.030000e-05 317368.025913 -80622.046136
4.040000e-05 317772.127512 -80929.067001
4.050000e-05 315916.326799 -77638.318035
4.060000e-05 316615.454896 -82673.140358
4.070000e-05 315445.452881 -77745.709931
4.080000e-05 314971.082202 -81086.302350
4.090000e-05 314919.535254 -79494.721368
4.100000e-05 315459.930769 -79923.483173
4.110000e-05 315674.413368 -79623.455433
4.120000e-05 316122.202094 -80250.485445
4.130000e-05 314946.565951 -79239.713066
4.140000e-05 317890.685067 -80797.502142
4.150000e-05 318450.281868 -81123.663051
4.160000e-05 318014.633130 -79178.403507
4.170000e-05 320903.838906 -83485.217995
4.180000e-05 319205.439912 -78750.829541
4.190000e-05 321173.468898 -82042.852444
4.200000e-05 322205.000994 -81565.391843
4.210000e-05 321981.310476 -81750.215290
4.220000e-05 321555.668570 -79380.233180
4.230000e-05 324246.971900 -84495.622506
4.240000e-05 321845.954369 -79353.780030
4.250000e-05 323401.872307 -81645.725545
4.260000e-05 324011.280698 -81900.655089
4.270000e-05 324008.047199 -82556.275354
4.280000e-05 323389.084093 -80043.660286
4.290000e-05 326097.099913 -84489.721139
4.300000e-05 325714.720146 -82675.644031
4.310000e-05 325882.585377 -83331.362076
4.320000e-05 327089.736038 -83155.839657
4.330000e-05 327886.643640 -84916.593433
4.340000e-05 327293.396454 -83420.276116
4.350000e-05 328554.966512 -86153.603011
4.360000e-05 329715.842493 -85300.216912
4.370000e-05 328709.367608 -84660.114612
4.380000e-05 329496.347877 -86672.698452
4.390000e-05 331327.394537 -89402.400495
4.400000e-05 330682.755697 -86133.948738
4.410000e-05 329582.525747 -84633.781168
4.420000e-05 331930.945879 -89537.035697
4.430000e-05 332903.156757 -92844.535236
4.440000e-05 330668.116263 -88497.256121
4.450000e-05 330536.440732 -84274.844876
4.460000e-05 331702.874810 -85557.446836
4.470000e-05 331241.860948 -90087.174678
4.480000e-05 330752.778499 -94689.015697
4.490000e-05 331889.768088 -91776.889257
4.500000e-05 332719.182522 -84111.141004
4.510000e-05 330484.266265 -77781.263944
4.520000e-05 329430.546190 -88242.311563
4.530000e-05 328451.525278 -98217.450986
4.540000e-05 329926.761888 -88510.139150
4.550000e-05 329947.326922 -69391.954106
4.560000e-05 330292.896947 -80015.816965
4.570000e-05 328214.905658 -102509.632946
4.580000e-05 329099.906300 -90869.634100
4.590000e-05 331204.085068 -66388.018839
4.600000e-05 331070.834191 -86654.183632
4.610000e-05 326495.925681 -106037.852516
4.620000e-05 331761.390263 -75649.095670
4.630000e-05 331962.482965 -74183.994096
4.640000e-05 325764.372505 -107822.967259
4.650000e-05 330679.813139 -79486.441894
4.660000e-05 334395.886800 -72300.809525
4.670000e-05 324143.901023 -105724.409576
4.680000e-05 330792.076392 -80785.198091
4.690000e-05 335611.851804 -73562.377006
4.700000e-05 323938.089907 -108050.132616
4.710000e-05 331910.100860 -76890.925495
4.720000e-05 335564.772635 -79516.970830
4.730000e-05 323435.440314 -107814.280809
4.740000e-05 331344.519952 -76379.379149
4.750000e-05 327257.596839 -90662.802108
4.760000e-05 325264.589854 -100073.599725
4.770000e-05 330930.132931 -78483.337790
4.780000e-05 320185.468973 -103775.801920
4.790000e-05 327374.199292 -82418.531689
4.800000e-05 326751.534761 -85614.652167
4.810000e-05 319488.242825 -100387.943839
4.820000e-05 332333.103591 -82205.316039
4.830000e-05 320364.828468 -100907.642187
4.840000e-05 327243.109052 -85648.715456
4.850000e-05 328183.282003 -87860.998147
4.860000e-05 320015.995284 -101413.122721
4.870000e-05 331527.286611 -82119.743465
4.880000e-05 320017.959429 -104703.159959
4.890000e-05 330299.037618 -84041.143766
4.900000e-05 324370.004128 -92500.792644
4.910000e-05 323470.422059 -90772.151854
4.920000e-05 332399.952699 -85327.251377
4.930000e-05 319272.586743 -98154.433024
4.940000e-05 333586.275782 -85041.666533
4.950000e-05 323866.136173 -96766.525976
4.960000e-05 328866.029898 -88816.656402
4.970000e-05 331219.934370 -90947.366597
4.980000e-05 324899.464521 -98866.131336
4.990000e-05 335924.569222 -85845.644455
5.000000e-05 324157.158586 -100238.134140
5.010000e-05 336962.055706 -91139.743374
5.020000e-05 326614.411096 -91932.197699
5.030000e-05 332705.349966 -96831.413245
5.040000e-05 334454.468396 -87614.398780
5.050000e-05 326538.291027 -97975.675251
5.060000e-05 339129.355730 -89112.190188
5.070000e-05 325224.509307 -95273.307812
5.080000e-05 337922.684255 -93153.758541
5.090000e-05 328618.449622 -89700.026409
5.100000e-05 333315.482226 -98134.529349
5.110000e-05 332197.040128 -85295.254817
5.120000e-05 329113.151592 -99509.575597
5.130000e-05 336368.967620 -87137.011797
5.140000e-05 326145.831960 -94633.684593
5.150000e-05 339174.637733 -93566.833527
5.160000e-05 327341.063168 -88639.265627
5.170000e-05 336676.999408 -97846.345888
5.180000e-05 332801.691161 -86557.891336
5.190000e-05 330710.041275 -98628.552162
5.200000e-05 340737.680304 -88003.299611
5.210000e-05 329645.923745 -98855.036714
5.220000e-05 342923.830441 -89182.310543
5.230000e-05 331882.531696 -97301.854958
5.240000e-05 343799.424162 -94379.423470
5.250000e-05 335862.764929 -93401.306300
5.260000e-05 341076.108461 -100412.188728
5.270000e-05 343096.831419 -90789.077312
5.280000e-05 335591.276625 -101898.459354
5.290000e-05 350339.738933 -92491.295554
5.300000e-05 333039.954310 -101638.164099
5.310000e-05 353041.372150 -94251.330186
5.320000e-05 335930.645304 -102300.954442
5.330000e-05 350442.008720 -95512.202383
5.340000e-05 341903.610255 -100553.939707
5.350000e-05 346946.651217 -98881.222633
5.360000e-05 348744.867834 -96972.750898
5.370000e-05 341940.323902 -102633.927080
5.380000e-05 356865.486393 -97409.192524
5.390000e-05 337044.865660 -103499.171669
5.400000e-05 362608.784487 -100391.420069
5.410000e-05 337683.723602 -104162.083763
5.420000e-05 361184.964261 -101083.853094
5.430000e-05 344066.300653 -105969.694613
5.440000e-05 355229.701897 -99725.268959
5.450000e-05 351985.680195 -106310.730570
5.460000e-05 349486.405969 -101886.682490
5.470000e-05 358188.080945 -104774.667075
5.480000e-05 344153.055860 -103502.839145
5.490000e-05 364300.830175 -105571.265516
5.500000e-05 340102.847766 -102465.100369
5.510000e-05 366450.331674 -106529.438888
5.520000e-05 342525.989179 -103631.596350
5.530000e-05 361842.112802 -104134.176877
5.540000e-05 350489.529326 -108602.379699
5.550000e-05 355008.044325 -101381.331606
5.560000e-05 356571.739846 -108644.910864
5.570000e-05 351877.699316 -102827.729770
5.580000e-05 361000.643962 -108617.613404
5.590000e-05 348603.827561 -104798.002385
5.600000e-05 360758.815866 -110863.057136
5.610000e-05 344038.359413 -97464.000138
5.620000e-05 360667.192664 -109632.747909
5.630000e-05 346656.961122 -96638.336344
5.640000e-05 353832.597694 -109882.484290
5.650000e-05 351863.717078 -104711.569303
5.660000e-05 349880.885502 -104751.581886
5.670000e-05 354856.445258 -99507.734962
5.680000e-05 348263.233709 -102625.068113
5.690000e-05 356419.874738 -113801.142307
5.700000e-05 344162.139704 -93598.869544
5.710000e-05 358315.408811 -112397.416779
5.720000e-05 344095.008495 -84837.557595
5.730000e-05 354743.539870 -118459.169165
5.740000e-05 350233.363951 -104138.081901
5.750000e-05 346679.579418 -108666.666715
5.760000e-05 353403.158062 -102962.571609
5.770000e-05 345596.308359 -91919.062955
5.780000e-05 354795.965972 -108774.279702
5.790000e-05 346068.550476 -88538.841654
5.800000e-05 355722.404604 -121800.044973
5.810000e-05 344131.242469 -92220.972230
5.820000e-05 353739.764793 -122354.994792
5.830000e-05 348913.462789 -99145.812913
5.840000e-05 348675.400548 -101376.979784
5.850000e-05 357851.958544 -112083.759039
5.860000e-05 344384.660301 -85446.894774
5.870000e-05 356619.084983 -119944.757183
5.880000e-05 345642.878799 -83583.278387
5.890000e-05 354275.544624 -118698.278817
5.900000e-05 346799.624054 -91305.844806
5.910000e-05 350484.491053 -110485.310669
5.920000e-05 348178.660283 -108944.726411
5.930000e-05 343468.947938 -93402.961822
5.940000e-05 356115.735654 -127601.441861
5.950000e-05 340758.318186 -81520.910861
5.960000e-05 355884.546035 -125159.973245
5.970000e-05 344617.613545 -91470.715044
5.980000e-05 347855.718037 -105418.353631
5.990000e-05 348274.338333 -108885.317259
6.000000e-05 345513.547546 -89877.285586
6.010000e-05 352434.984720 -119670.064198
6.020000e-05 339802.433648 -85167.561354
6.030000e-05 352427.062838 -118357.636465
6.040000e-05 337869.177772 -91919.982582
6.050000e-05 346637.207109 -100884.062235
6.060000e-05 349543.363424 -110572.281715
6.070000e-05 342701.081424 -89065.074709
6.080000e-05 349823.935482 -109624.761161
6.090000e-05 341613.617498 -94624.301428
6.100000e-05 348844.747335 -101916.543465
6.110000e-05 342386.499815 -97647.390427
6.120000e-05 349543.738984 -103379.763661
6.130000e-05 343029.979873 -93389.455602
6.140000e-05 344444.145929 -104062.778408
6.150000e-05 349172.280370 -95152.570163
6.160000e-05 344264.653285 -98374.775017
6.170000e-05 350521.406555 -105443.611312
6.180000e-05 344303.800859 -83920.269614
6.190000e-05 354695.785184 -122130.576094
6.200000e-05 345064.010606 -78740.084386
6.210000e-05 353889.057156 -114799.901302
6.220000e-05 351496.676459 -102769.159508
6.230000e-05 349938.656032 -87080.952733
6.240000e-05 341888.081222 -128178.107354
6.250000e-05 355531.669926 -80396.122708
6.260000e-05 340782.570626 -121149.938619
6.270000e-05 348008.695126 -87685.100719
6.280000e-05 348283.228011 -97928.150653
6.290000e-05 345531.021059 -109092.030970
6.300000e-05 348759.638278 -88395.171950
6.310000e-05 349516.443090 -104388.140263
6.320000e-05 346272.979017 -107318.121430
6.330000e-05 351762.661161 -81981.341995
6.340000e-05 347830.487738 -122095.797575
6.350000e-05 347812.466907 -90073.287545
6.360000e-05 351745.890860 -98274.592482
6.370000e-05 340737.733952 -118762.899087
6.380000e-05 361207.259997 -83646.351340
6.390000e-05 337987.626881 -120728.598495
6.400000e-05 352796.743955 -96059.396368
6.410000e-05 347326.727745 -95903.253252
6.420000e-05 350554.404423 -126109.318901
6.430000e-05 344395.219176 -89597.808868
6.440000e-05 355658.378865 -111710.721757
6.450000e-05 334824.901975 -122251.310969
6.460000e-05 363876.881089 -88553.995311
6.470000e-05 334115.613383 -126566.594170
6.480000e-05 350016.565969 -99794.582579
6.490000e-05 342786.441281 -93274.654418
6.500000e-05 339536.939634 -128095.540396
6.510000e-05 339341.370578 -86270.070516
6.520000e-05 339421.458977 -113326.798040
6.530000e-05 333985.571673 -121162.875467
6.540000e-05 343615.936176 -89362.866623
6.550000e-05 336599.969669 -136386.473107
6.560000e-05 336548.505840 -94688.223120
6.570000e-05 341033.738604 -95749.705940
6.580000e-05 335893.375983 -135726.555205
6.590000e-05 342900.610536 -87654.501873
6.600000e-05 334386.616789 -119262.894184
6.610000e-05 339542.828887 -129108.898336
6.620000e-05 337777.193758 -82893.119761
6.630000e-05 337113.739552 -152041.991290
6.640000e-05 331643.140915 -86792.395822
6.650000e-05 340127.986125 -104246.244209
6.660000e-05 332107.858935 -135118.706624
6.670000e-05 345356.942936 -90144.060785
6.680000e-05 330019.793918 -124192.178631
6.690000e-05 338000.585590 -109312.852708
6.700000e-05 334145.313148 -77570.929394
6.710000e-05 343778.323991 -160286.491133
6.720000e-05 330747.375522 -74810.480126
6.730000e-05 347720.077382 -115173.695305
6.740000e-05 332914.017487 -125846.032378
6.750000e-05 354469.219999 -94755.598081
6.760000e-05 340337.134681 -142682.202513
6.770000e-05 348171.753268 -110871.635145
6.780000e-05 340087.147935 -82311.752400
6.790000e-05 353272.887156 -179107.992228
6.800000e-05 344536.759330 -79912.849085
6.810000e-05 348343.374762 -134409.139838
6.820000e-05 340234.401459 -113905.334875
6.830000e-05 354283.328468 -91169.901438
6.840000e-05 347231.373521 -164736.104093
6.850000e-05 346857.787026 -85135.456795
6.860000e-05 348362.066554 -100389.922397
6.870000e-05 322344.272651 -127856.197503
6.880000e-05 365285.671735 -93906.279554
6.890000e-05 315207.070614 -129696.550432
6.900000e-05 349446.604685 -88076.240542
6.910000e-05 339322.529133 -93308.383191
6.920000e-05 333942.084582 -121549.180208
6.930000e-05 357325.590177 -84425.643348
6.940000e-05 326749.471021 -149659.977460
6.950000e-05 353948.478896 -83779.383732
6.960000e-05 338735.543184 -115582.176187
6.970000e-05 332958.451100 -103302.742463
6.980000e-05 352745.478831 -82881.097210
6.990000e-05 316341.567223 -142674.677090
7.000000e-05 357125.352148 -84709.074556
7.010000e-05 321494.983878 -130598.395901
7.020000e-05 344311.653498 -93391.476490
7.030000e-05 345082.253560 -102478.025969
7.040000e-05 326549.816770 -128081.225511
7.050000e-05 360709.703711 -91003.181730
7.060000e-05 320564.141422 -141248.598929
7.070000e-05 353630.848439 -88096.845288
7.080000e-05 327681.224788 -108825.425158
7.090000e-05 327621.852087 -97538.978390
7.100000e-05 346572.254890 -83574.300494
7.110000e-05 308568.912523 -122035.121554
7.120000e-05 358160.557679 -87395.678612
7.130000e-05 306938.043862 -116015.079008
7.140000e-05 345164.584150 -91597.296414
7.150000e-05 334014.816205 -104400.855181
7.160000e-05 320364.557505 -96259.668559
7.170000e-05 357118.347994 -100941.335702
7.180000e-05 313974.385529 -122004.918414
7.190000e-05 357630.965845 -95932.393934
7.200000e-05 320566.891102 -122761.753553
7.210000e-05 342742.284886 -96269.371896
7.220000e-05 340444.072743 -111263.445133
7.230000e-05 321824.590666 -106300.391486
7.240000e-05 358593.063651 -119376.317944
7.250000e-05 313679.251543 -105384.393792
7.260000e-05 358011.145594 -129321.151879
7.270000e-05 317012.297823 -86233.651575
7.280000e-05 334423.411421 -132718.244268
7.290000e-05 333558.320068 -77270.701714
7.300000e-05 307858.066822 -125534.945457
7.310000e-05 352210.698989 -84983.708736
7.320000e-05 294128.731689 -111207.790031
7.330000e-05 342958.111268 -84514.201576
7.340000e-05 308789.278165 -109009.806357
7.350000e-05 315771.736344 -83672.886195
7.360000e-05 331282.386908 -108927.223465
7.370000e-05 311226.287907 -113135.575288
7.380000e-05 336419.347129 -104639.392855
7.390000e-05 301836.047705 -113617.319252
7.400000e-05 332672.974294 -109309.085771
7.410000e-05 311910.602652 -105531.434835
7.420000e-05 326024.122239 -112075.858479
7.430000e-05 322912.317408 -111901.126239
7.440000e-05 313013.225145 -125198.425331
7.450000e-05 319615.823968 -104730.572958
7.460000e-05 316559.979729 -82543.438071
7.470000e-05 290057.953433 -90521.295297
7.480000e-05 341665.899952 -80502.383819
7.490000e-05 273547.468329 -81716.232262
7.500000e-05 342641.300121 -94781.029826
7.510000e-05 281019.785421 -100547.104833
7.520000e-05 348008.081768 -139032.853637
7.530000e-05 292640.615173 -113298.756124
7.540000e-05 350045.073479 -171892.661078
7.550000e-05 301929.008627 -107218.087953
7.560000e-05 345685.042738 -150591.235176
7.570000e-05 296567.789832 -90440.691083
7.580000e-05 347037.416948 -108132.892796
7.590000e-05 285799.680728 -71138.127846
7.600000e-05 349680.589183 -88825.589858
7.610000e-05 278759.809673 -68392.106473
7.620000e-05 353920.331699 -116491.917362
7.630000e-05 283583.880658 -86576.274296
7.640000e-05 353415.743859 -161967.742815
7.650000e-05 291761.538234 -87427.812143
7.660000e-05 355004.387211 -175144.613768
7.670000e-05 292082.427403 -72987.815450
7.680000e-05 362020.198966 -145608.791295
7.690000e-05 289834.976038 -61308.214491
7.700000e-05 366643.718221 -108180.242687
7.710000e-05 286475.753248 -63798.534257
7.720000e-05 372898.108601 -130058.812836
7.730000e-05 285838.159451 -77460.426678
7.740000e-05 374920.788752 -167817.579355
7.750000e-05 293484.191801 -81127.695405
7.760000e-05 374654.360306 -165142.583430
7.770000e-05 300372.905040 -66576.580549
7.780000e-05 370639.062033 -140961.619866
7.790000e-05 295592.706893 -56082.164414
7.800000e-05 371769.675631 -120896.094020
7.810000e-05 300043.947505 -77401.290037
7.820000e-05 369832.324470 -141474.628655
7.830000e-05 299700.850992 -93356.772448
7.840000e-05 368426.976074 -169598.031020
7.850000e-05 306254.176283 -80168.048982
7.860000e-05 375164.594102 -152787.324031
7.870000e-05 307583.707902 -64896.067736
7.880000e-05 373723.325845 -120804.641524
7.890000e-05 317283.747212 -99183.446647
7.900000e-05 365753.888833 -114194.366505
7.910000e-05 314010.396463 -87708.708368
7.920000e-05 362206.419716 -134713.450939
7.930000e-05 309068.290368 -73185.964916
7.940000e-05 358172.171522 -135706.337214
7.950000e-05 306720.287278 -78339.113957
7.960000e-05 359869.129961 -114904.518782
7.970000e-05 317406.483476 -120287.145653
7.980000e-05 364497.838204 -116769.927905
7.990000e-05 319009.968331 -100336.647580
8.000000e-05 362201.913388 -142938.743101
8.010000e-05 315171.978320 -77489.159366
8.020000e-05 354769.826914 -126997.839633
8.030000e-05 324258.410491 -115090.556393
8.040000e-05 350665.704852 -88161.723648
8.050000e-05 330971.557950 -129346.746594
8.060000e-05 347391.528846 -98127.034908
8.070000e-05 325571.002235 -89906.678420
8.080000e-05 346956.297135 -126421.159133
8.090000e-05 331052.565347 -83756.929813
8.100000e-05 340159.022679 -92753.483399
8.110000e-05 323376.012286 -111414.404553
8.120000e-05 346300.819442 -91006.718026
8.130000e-05 331026.172799 -113102.290797
8.140000e-05 336763.115795 -99277.604644
8.150000e-05 344910.598714 -93148.750827
8.160000e-05 327195.484004 -138982.093290
8.170000e-05 341047.749024 -97621.014750
8.180000e-05 331582.684702 -118192.016669
8.190000e-05 328187.774385 -121055.117493
8.200000e-05 333469.665280 -89767.326798
8.210000e-05 328835.152306 -136747.834292
8.220000e-05 325428.163588 -83357.827362
8.230000e-05 340693.157333 -109953.455478
8.240000e-05 316180.786397 -119096.677222
8.250000e-05 347369.349177 -100860.156288
8.260000e-05 310654.347946 -128715.375600
8.270000e-05 349775.116533 -98724.992891
8.280000e-05 317920.493386 -99432.704955
8.290000e-05 344918.025564 -106567.751954
8.300000e-05 330101.324287 -84575.010690
8.310000e-05 341822.519545 -112599.114331
8.320000e-05 331179.600863 -86153.537711
8.330000e-05 343070.527714 -95209.378017
8.340000e-05 312641.980460 -114848.523813
8.350000e-05 351551.905935 -94314.693946
8.360000e-05 304732.141126 -142514.266940
8.370000e-05 350574.891333 -96662.712334
8.380000e-05 314582.228778 -131288.362767
8.390000e-05 350106.243697 -95995.465299
8.400000e-05 324975.287375 -101734.668730
8.410000e-05 346665.472754 -95407.987985
8.420000e-05 329145.239630 -91141.188813
8.430000e-05 346095.676945 -100270.605502
8.440000e-05 319053.362313 -107759.657075
8.450000e-05 345708.745271 -95741.603194
8.460000e-05 303160.104211 -128221.288116
8.470000e-05 352036.961638 -95490.591186
8.480000e-05 294304.958306 -133978.340297
8.490000e-05 354584.958910 -97491.810534
8.500000e-05 301501.996472 -126485.471510
8.510000e-05 353917.579638 -92155.835149
8.520000e-05 318652.550253 -112242.995586
8.530000e-05 350101.920956 -86867.544509
8.540000e-05 328584.832472 -103078.045083
8.550000e-05 348092.518618 -84003.525331
8.560000e-05 333437.298610 -108627.787900
8.570000e-05 345842.848228 -84405.735383
8.580000e-05 326118.431128 -120597.887192
8.590000e-05 346906.176478 -91778.603512
8.600000e-05 314061.565352 -128375.081874
8.610000e-05 352144.755265 -101328.657761
8.620000e-05 307804.602770 -129077.687027
8.630000e-05 354425.511166 -105705.684949
8.640000e-05 302325.067174 -124580.797038
8.650000e-05 349352.521391 -103369.475332
8.660000e-05 307859.626980 -114321.483340
8.670000e-05 340337.605484 -95393.365473
8.680000e-05 318330.779977 -108592.483266
8.690000e-05 330746.722289 -84511.039908
8.700000e-05 323792.180525 -103386.739506
8.710000e-05 323589.837179 -79919.042690
8.720000e-05 324384.554492 -98469.201873
8.730000e-05 317212.287963 -82761.185009
8.740000e-05 319680.007263 -90332.115231
8.750000e-05 316429.821440 -84893.969894
8.760000e-05 321013.191049 -83756.212517
8.770000e-05 325893.011243 -92158.079778
8.780000e-05 322651.212505 -83666.006770
8.790000e-05 326155.538280 -99224.139478
8.800000e-05 336237.046385 -88673.736341
8.810000e-05 326041.190505 -102127.646706
8.820000e-05 345955.786094 -93003.943893
8.830000e-05 317114.303046 -98289.435662
8.840000e-05 357652.099558 -99752.267111
8.850000e-05 302890.308426 -92120.974470
8.860000e-05 360999.900830 -106951.003736
8.870000e-05 281754.250110 -87122.674390
8.880000e-05 354694.908039 -114703.059158
8.890000e-05 274533.876932 -83931.783119
8.900000e-05 347598.755227 -112551.143212
8.910000e-05 278440.100697 -84191.891481
8.920000e-05 346360.245365 -107344.275657
8.930000e-05 289451.810800 -92867.391566
8.940000e-05 351085.938593 -106470.649247
8.950000e-05 297626.742306 -99361.365502
8.960000e-05 352717.400451 -107073.178877
8.970000e-05 288631.628356 -99630.421334
8.980000e-05 353815.177451 -112839.517530
8.990000e-05 285802.345356 -97413.661029
9.000000e-05 365326.239120 -122071.792156
9.010000e-05 285327.731280 -91804.830087
9.020000e-05 378614.312732 -131435.134280
9.030000e-05 287682.335387 -89300.817341
9.040000e-05 385369.269406 -134945.707593
9.050000e-05 295332.290317 -88255.626631
9.060000e-05 383877.066994 -132178.847700
9.070000e-05 309296.595722 -93641.965730
9.080000e-05 376755.362353 -125573.613028
9.090000e-05 316170.486236 -93947.809459
9.100000e-05 374177.546088 -118464.517929
9.110000e-05 313251.785582 -92992.112379
9.120000e-05 376458.917836 -121393.156032
9.130000e-05 304504.017657 -89225.752362
9.140000e-05 384060.264848 -131292.114494
9.150000e-05 294377.357193 -83012.086082
9.160000e-05 395737.127912 -144897.137273
9.170000e-05 280320.289106 -75715.345266
9.180000e-05 398064.168868 -150168.245993
9.190000e-05 274172.768114 -73994.632245
9.200000e-05 395958.613087 -147769.087994
9.210000e-05 284191.016544 -76826.712424
9.220000e-05 388252.843326 -137315.504813
9.230000e-05 297557.182013 -78838.881254
9.240000e-05 381149.983428 -127347.857169
9.250000e-05 311645.265193 -75604.970697
9.260000e-05 381217.299278 -127888.967441
9.270000e-05 313742.097035 -69738.927512
9.280000e-05 389305.669687 -136367.499417
9.290000e-05 300567.800055 -60842.639375
9.300000e-05 400788.207996 -146288.733930
9.310000e-05 284909.336447 -60236.048367
9.320000e-05 413574.844863 -166365.556120
9.330000e-05 274436.134790 -50506.964923
9.340000e-05 415720.650044 -177762.227242
9.350000e-05 274981.078805 -45238.202522
9.360000e-05 414273.105549 -168777.052594
9.370000e-05 279818.239861 -41153.336805
9.380000e-05 405621.355821 -152252.416802
9.390000e-05 278315.311136 -40236.003801
9.400000e-05 399960.409575 -146371.212336
9.410000e-05 276084.980699 -41212.442036
9.420000e-05 398895.856809 -147985.333060
9.430000e-05 273721.231887 -38047.265662
9.440000e-05 403847.581689 -153324.566786
9.450000e-05 266329.085510 -30121.090176
9.460000e-05 403690.562605 -162265.285231
9.470000e-05 262371.759575 -31498.052061
9.480000e-05 397211.827518 -167498.202016
9.490000e-05 263061.607648 -36436.367965
9.500000e-05 390497.914008 -162130.297284
9.510000e-05 264267.490993 -35858.525465
9.520000e-05 379622.950332 -146348.967403
9.530000e-05 271946.754530 -34493.995906
9.540000e-05 365568.080800 -127374.685652
9.550000e-05 277790.911028 -33681.395028
9.560000e-05 358835.117394 -111948.913778
9.570000e-05 282360.303467 -35008.387049
9.580000e-05 355010.601072 -105859.717607
9.590000e-05 280977.969808 -35254.471685
9.600000e-05 354656.843294 -103603.212490
9.610000e-05 290487.849439 -39804.520817
9.620000e-05 348938.260275 -104137.319784
9.630000e-05 297772.293609 -45559.750503
9.640000e-05 338829.697162 -100499.966543
9.650000e-05 304717.576716 -52938.047367
9.660000e-05 318014.559230 -89871.510756
9.670000e-05 320596.535863 -62903.234689
9.680000e-05 300757.416871 -68330.587561
9.690000e-05 330758.019029 -74428.763522
9.700000e-05 289440.525568 -51532.983874
9.710000e-05 349630.351213 -88314.210668
9.720000e-05 280866.737812 -44483.541403
9.730000e-05 363919.469514 -104015.357026
9.740000e-05 271571.260552 -37570.602438
9.750000e-05 374973.971270 -119861.381540
9.760000e-05 261039.324256 -33010.557196
9.770000e-05 391192.308310 -140100.172584
9.780000e-05 254776.124279 -30720.366993
9.790000e-05 407342.863310 -166612.910901
9.800000e-05 249087.511408 -28419.467822
9.810000e-05 418960.219628 -185181.442300
9.820000e-05 243851.832925 -25618.825004
9.830000e-05 424252.863917 -191127.439572
9.840000e-05 241554.203506 -24463.308531
9.850000e-05 423078.994365 -187962.614812
9.860000e-05 239886.301087 -23850.100385
9.870000e-05 423747.240636 -183523.126892
9.880000e-05 243211.353641 -24188.174368
9.890000e-05 424043.281882 -183312.768605
9.900000e-05 250972.297947 -25267.417884
9.910000e-05 425565.943658 -189402.563173
9.920000e-05 255949.728677 -27152.222051
9.930000e-05 413645.245125 -190342.174042
9.940000e-05 263154.016215 -29634.361633
9.950000e-05 395272.319674 -173711.479689
9.960000e-05 276089.263928 -35033.022897
9.970000e-05 359664.463216 -151249.545609
9.980000e-05 272053.029718 -33645.092275
9.990000e-05 349612.628326 -128340.648458
1.000000e-04 266609.498913 -31235.373438
1.001000e-04 343732.238985 -120175.233088
1.002000e-04 265464.452695 -32436.154140
1.003000e-04 340072.188195 -136525.604406
1.004000e-04 258748.359433 -32872.337474
1.005000e-04 345625.844968 -158024.101633
1.006000e-04 253099.108095 -33912.361774
1.007000e-04 346925.130151 -156787.225714
1.008000e-04 251348.854401 -36443.662675
1.009000e-04 348673.218045 -137136.539277
1.010000e-04 256898.102488 -38924.408527
1.011000e-04 347289.574615 -123820.976205
1.012000e-04 258915.975623 -35565.833836
1.013000e-04 354487.159038 -136722.366349
1.014000e-04 264878.157736 -38219.241338
1.015000e-04 356954.100089 -144342.301873
1.016000e-04 263900.949455 -40191.435739
1.017000e-04 352641.058339 -135345.240441
1.018000e-04 256550.539217 -48240.279103
1.019000e-04 344433.372430 -123248.880643
1.020000e-04 255316.126936 -58867.385658
1.021000e-04 341404.696612 -134615.732540
1.022000e-04 254587.774473 -52403.263721
1.023000e-04 339870.226686 -149877.955379
1.024000e-04 255121.746367 -54521.653300
1.025000e-04 339176.241813 -129826.745685
1.026000e-04 264887.557578 -78375.447387
1.027000e-04 339729.974676 -107602.002573
1.028000e-04 266036.935088 -67376.610528
1.029000e-04 346282.838270 -125382.540701
1.030000e-04 267728.751930 -48459.750869
1.031000e-04 344024.943167 -118646.093003
1.032000e-04 269263.396362 -68758.068477
1.033000e-04 327081.048581 -75625.687430
1.034000e-04 270237.112462 -87752.144335
1.035000e-04 320257.346884 -105107.896903
1.036000e-04 270588.057392 -71474.932430
1.037000e-04 310978.855130 -123304.815927
1.038000e-04 262736.794027 -90976.928435
1.039000e-04 308495.991179 -93561.877585
1.040000e-04 253633.064666 -119390.492601
1.041000e-04 296840.094826 -74785.451390
1.042000e-04 262460.728074 -107409.329690
1.043000e-04 289252.503950 -89770.680986
1.044000e-04 270149.372415 -78649.122519
1.045000e-04 282520.451802 -102203.749046
1.046000e-04 268590.768502 -74639.729008
1.047000e-04 288590.130851 -83286.744105
1.048000e-04 266820.713020 -98615.574468
1.049000e-04 296991.957766 -66221.348343
1.050000e-04 267427.063179 -108766.471854
1.051000e-04 296276.796794 -67813.839455
1.052000e-04 277592.987826 -96073.336665
1.053000e-04 292752.933304 -81369.554367
1.054000e-04 291478.473125 -82876.050881
1.055000e-04 291398.092972 -90290.119916
1.056000e-04 289528.955786 -85702.976872
1.057000e-04 295934.013473 -85141.114138
1.058000e-04 283720.967837 -107293.373692
1.059000e-04 294651.557386 -76339.624148
1.060000e-04 277929.605022 -119320.849241
1.061000e-04 290451.014980 -75947.064909
1.062000e-04 280396.066188 -105880.951993
1.063000e-04 283639.173762 -79798.657087
1.064000e-04 286734.931997 -85094.142965
1.065000e-04 276201.519075 -81140.621639
1.066000e-04 286586.521276 -77845.947601
1.067000e-04 275174.253207 -77137.191539
1.068000e-04 273510.013446 -74830.414976
1.069000e-04 272241.809855 -68233.816225
1.070000e-04 268691.110552 -80569.992257
1.071000e-04 277477.990418 -70893.600776
1.072000e-04 274376.166441 -77485.251480
1.073000e-04 277555.153046 -77929.545639
1.074000e-04 286861.668170 -77010.436617
1.075000e-04 277176.730394 -82776.502398
1.076000e-04 298852.199095 -78643.563881
1.077000e-04 282509.582778 -93784.661896
1.078000e-04 308819.543268 -85551.241599
1.079000e-04 292050.084057 -102953.511593
1.080000e-04 317257.329060 -95946.886050
1.081000e-04 302195.705767 -114195.069464
1.082000e-04 329359.780325 -111643.005801
1.083000e-04 309498.011836 -125274.200404
1.084000e-04 318644.013572 -113442.689435
1.085000e-04 311595.497728 -134561.799532
1.086000e-04 316057.473013 -102955.592324
1.087000e-04 308323.440084 -143968.636101
1.088000e-04 316393.953243 -101381.944599
1.089000e-04 313692.149955 -149932.288431
1.090000e-04 319445.226953 -113128.214891
1.091000e-04 322660.832133 -155570.913524
1.092000e-04 318976.359277 -125415.965934
1.093000e-04 329500.232321 -160224.502376
1.094000e-04 317395.013116 -130321.852040
1.095000e-04 331188.463309 -163436.329765
1.096000e-04 315071.330931 -122207.609681
1.097000e-04 329339.167573 -165693.474885
1.098000e-04 319532.984653 -112097.862346
1.099000e-04 308744.026461 -161205.285687
1.100000e-04 319490.383961 -109488.719524
1.101000e-04 312470.975839 -161789.420676
1.102000e-04 321224.895377 -118138.218188
1.103000e-04 322648.909760 -164721.848482
1.104000e-04 324088.022086 -128862.509081
1.105000e-04 333218.749715 -162784.647565
1.106000e-04 324794.437374 -130906.552148
1.107000e-04 336413.007776 -158325.602261
1.108000e-04 325461.179239 -121065.796970
1.109000e-04 332832.152571 -149364.642692
1.110000e-04 320494.860637 -102283.291429
1.111000e-04 326538.448377 -141920.549102
1.112000e-04 313249.116019 -94452.440265
1.113000e-04 319376.889519 -137566.614799
1.114000e-04 303540.734132 -98838.964520
1.115000e-04 319893.256748 -135458.103326
1.116000e-04 294819.500298 -102125.757771
1.117000e-04 322680.359652 -133067.341496
1.118000e-04 294598.655812 -95697.394405
1.119000e-04 320857.855302 -124696.792969
1.120000e-04 294463.982884 -83246.321580
1.121000e-04 319610.230083 -117793.188792
1.122000e-04 302095.197343 -81993.521791
1.123000e-04 322127.199091 -111736.185442
1.124000e-04 302535.268144 -90313.042113
1.125000e-04 324261.419414 -106926.423682
1.126000e-04 299432.019588 -99742.511540
1.127000e-04 321793.427355 -103603.149932
1.128000e-04 295288.199113 -93384.910749
1.129000e-04 313784.124957 -100811.180055
1.130000e-04 291114.449891 -81957.588708
1.131000e-04 306312.426581 -98312.758645
1.132000e-04 285699.297843 -77846.684549
1.133000e-04 302998.417529 -98338.487342
1.134000e-04 276343.897525 -84017.414724
1.135000e-04 302378.131431 -100114.061192
1.136000e-04 278512.515847 -86366.231828
1.137000e-04 302722.850382 -100767.749090
1.138000e-04 281414.042168 -80243.024248
1.139000e-04 311589.397403 -99280.561582
1.140000e-04 284319.680605 -81254.076000
1.141000e-04 325888.591901 -100848.866939
1.142000e-04 281388.320728 -90705.936948
1.143000e-04 328715.978562 -96836.374732
1.144000e-04 272730.489376 -80091.114097
1.145000e-04 323340.810978 -106551.460716
1.146000e-04 258111.851402 -74873.491678
1.147000e-04 328064.229355 -118994.055421
1.148000e-04 258536.197492 -89189.457546
1.149000e-04 336143.152666 -115431.732620
1.150000e-04 277702.571348 -84853.676476
1.151000e-04 341059.598939 -113425.708031
1.152000e-04 280603.570121 -85658.093719
1.153000e-04 336515.776296 -108224.979613
1.154000e-04 267922.046692 -104612.186223
1.155000e-04 327273.018232 -90678.496301
1.156000e-04 268413.098287 -89217.014499
1.157000e-04 321621.521076 -108179.930642
1.158000e-04 277455.589367 -85628.647111
1.159000e-04 325509.700283 -106474.418650
1.160000e-04 289571.315401 -108305.434954
1.161000e-04 331508.859616 -92238.771698
1.162000e-04 294713.426042 -100625.508826
1.163000e-04 331602.577439 -103299.673194
1.164000e-04 290007.494560 -76833.111630
1.165000e-04 323343.101970 -111633.281118
1.166000e-04 286207.825489 -96431.528394
1.167000e-04 322262.022445 -95945.262085
1.168000e-04 291037.387631 -111016.966139
1.169000e-04 325681.897334 -95592.321326
1.170000e-04 288931.187794 -92349.200679
1.171000e-04 327965.875676 -115697.251401
1.172000e-04 285761.717844 -79530.061657
1.173000e-04 320491.297566 -116227.082620
1.174000e-04 286403.921349 -79640.435853
1.175000e-04 321422.967160 -104229.288324
1.176000e-04 287032.672611 -77015.447799
1.177000e-04 323001.780152 -97202.300693
1.178000e-04 289309.009953 -75716.452264
1.179000e-04 327152.377906 -110116.267441
1.180000e-04 289122.368034 -74087.689896
1.181000e-04 317095.807607 -121037.162356
1.182000e-04 285622.529626 -75276.732182
1.183000e-04 315136.691000 -121974.034889
1.184000e-04 280713.944321 -75250.735599
1.185000e-04 307816.996408 -107001.843123
1.186000e-04 281084.830502 -74212.063985
1.187000e-04 302617.026460 -90958.763721
1.188000e-04 282382.751481 -73096.309132
1.189000e-04 299237.384974 -81714.076129
1.190000e-04 278271.259164 -63174.445257
1.191000e-04 292860.926760 -80977.037529
1.192000e-04 279200.176446 -59252.309405
1.193000e-04 291374.600497 -84207.306092
1.194000e-04 290319.807209 -66869.065405
1.195000e-04 288085.895460 -80745.001755
1.196000e-04 301682.772089 -76512.840823
1.197000e-04 285315.312639 -74077.872308
1.198000e-04 306655.804660 -85229.729622
1.199000e-04 273489.912793 -62381.874616
1.200000e-04 318123.589490 -98737.188411
1.201000e-04 271442.912573 -65768.218100
1.202000e-04 330785.343618 -112930.806811
1.203000e-04 278759.708785 -80388.329154
1.204000e-04 340711.773417 -121799.639929
1.205000e-04 285372.841642 -95460.875130
1.206000e-04 327430.592563 -142304.938391
1.207000e-04 294521.242694 -96467.396926
1.208000e-04 317196.057703 -138295.066047
1.209000e-04 293823.185229 -90927.845105
1.210000e-04 304667.125956 -132872.574361
1.211000e-04 297524.378200 -85990.025715
1.212000e-04 294814.543957 -121176.123985
1.213000e-04 298332.849878 -84294.081663
1.214000e-04 289879.916795 -104148.655576
1.215000e-04 298940.579418 -79947.923768
1.216000e-04 291218.768190 -90859.348288
1.217000e-04 294982.948310 -78633.451256
1.218000e-04 290127.203091 -88607.211836
1.219000e-04 290870.478209 -84022.093642
1.220000e-04 298403.133408 -83455.748768
1.221000e-04 289737.947754 -80556.332489
1.222000e-04 300522.130321 -93045.569887
1.223000e-04 284788.322345 -92507.997706
1.224000e-04 306173.812403 -115442.622387
1.225000e-04 281779.802006 -103937.091321
1.226000e-04 310368.835758 -131621.397519
1.227000e-04 277058.881915 -119192.109773
1.228000e-04 310129.313086 -124910.973158
1.229000e-04 272761.918781 -124690.952777
1.230000e-04 312662.128497 -122954.344210
1.231000e-04 270036.562959 -106324.971001
1.232000e-04 310487.977034 -123176.847813
1.233000e-04 271674.731845 -89227.044846
1.234000e-04 307537.036367 -113268.978975
1.235000e-04 284835.801676 -80487.047328
1.236000e-04 301335.757000 -93926.660964
1.237000e-04 294828.790741 -82081.103298
1.238000e-04 298219.052543 -90907.364439
1.239000e-04 303582.981332 -88463.478545
1.240000e-04 291030.815036 -83517.089337
1.241000e-04 313464.473280 -94128.208326
1.242000e-04 277238.858095 -82596.030764
1.243000e-04 322111.999482 -108045.962267
1.244000e-04 269641.060413 -86975.861630
1.245000e-04 322900.779850 -122553.476704
1.246000e-04 271058.539490 -91159.014624
1.247000e-04 322110.929662 -131630.631363
1.248000e-04 259940.078914 -87260.079100
1.249000e-04 327369.476382 -143229.549701
1.250000e-04 255747.596052 -81889.372257
1.251000e-04 328869.437079 -146203.661370
1.252000e-04 257763.578326 -79013.638223
1.253000e-04 328145.566692 -142111.923483
1.254000e-04 266587.626010 -77860.634310
1.255000e-04 322535.919099 -128880.907982
1.256000e-04 276669.140540 -79379.960857
1.257000e-04 307382.263996 -115083.232767
1.258000e-04 288640.555560 -84715.843741
1.259000e-04 298199.162901 -106951.238740
1.260000e-04 304040.311699 -101705.261907
1.261000e-04 284043.792492 -90594.407556
1.262000e-04 313914.891697 -112267.813371
1.263000e-04 269062.952330 -69032.423274
1.264000e-04 333537.533158 -136802.007381
1.265000e-04 261708.267578 -55339.394339
1.266000e-04 341326.227970 -159699.992775
1.267000e-04 259356.834639 -51314.493250
1.268000e-04 342014.532420 -170528.750196
1.269000e-04 262420.857215 -51428.070501
1.270000e-04 334949.118168 -165768.118952
1.271000e-04 264926.438163 -52733.722075
1.272000e-04 321131.192816 -142986.504348
1.273000e-04 271548.817021 -61114.353362
1.274000e-04 308411.894811 -116161.694055
1.275000e-04 292085.044643 -91267.945540
1.276000e-04 289881.559290 -94242.120371
1.277000e-04 321858.260938 -126351.166958
1.278000e-04 280741.543506 -70691.502977
1.279000e-04 350696.260790 -162478.641409
1.280000e-04 281511.863863 -60902.202909
1.281000e-04 364479.834637 -180386.000539
1.282000e-04 281031.199821 -55269.142942
1.283000e-04 360968.432676 -180390.473056
1.284000e-04 274469.109164 -53666.216879
1.285000e-04 337580.428438 -156761.990861
1.286000e-04 276663.780302 -53885.436698
1.287000e-04 303090.258372 -109915.068574
1.288000e-04 294075.383426 -85232.262409
1.289000e-04 280865.137625 -74200.761138
1.290000e-04 329268.558647 -135278.181798
1.291000e-04 272141.888075 -63620.427102
1.292000e-04 362912.360535 -192234.142672
1.293000e-04 273848.371319 -69919.070808
1.294000e-04 375835.279696 -216804.267479
1.295000e-04 279018.160307 -68384.554232
1.296000e-04 354451.636035 -184893.755089
1.297000e-04 279852.231611 -59340.481707
1.298000e-04 310878.183252 -119725.687510
1.299000e-04 303825.729613 -86288.062623
1.300000e-04 282656.264164 -69388.876617
1.301000e-04 337266.386871 -134521.753013
1.302000e-04 275186.079988 -49802.784471
1.303000e-04 372114.178733 -190119.963352
1.304000e-04 279757.861732 -51198.657617
1.305000e-04 346703.358960 -208816.502119
1.306000e-04 282589.701292 -53182.663668
1.307000e-04 329990.518595 -174808.802472
1.308000e-04 282781.173367 -54204.140614
1.309000e-04 305960.469895 -119556.148040
1.310000e-04 296806.443737 -82549.996155
1.311000e-04 294815.007543 -89067.935042
1.312000e-04 302472.753825 -117037.369970
1.313000e-04 291257.521659 -68524.140858
1.314000e-04 319672.337469 -165872.570058
1.315000e-04 289236.148872 -66415.184638
1.316000e-04 332147.588156 -195343.054809
1.317000e-04 290122.906455 -67466.659015
1.318000e-04 332294.021435 -206225.856974
1.319000e-04 287528.909891 -64198.709308
1.320000e-04 322145.280683 -192738.576712
1.321000e-04 282226.640574 -60515.450817
1.322000e-04 309604.685579 -157966.105320
1.323000e-04 278657.980514 -65427.921243
1.324000e-04 297730.395122 -115630.248475
1.325000e-04 286958.746929 -94746.388305
1.326000e-04 292029.257573 -88223.361514
1.327000e-04 297983.201378 -122678.048330
1.328000e-04 291466.208662 -64044.851363
1.329000e-04 322854.476872 -163215.342563
1.330000e-04 293998.502791 -66299.457043
1.331000e-04 335500.848996 -185278.900200
1.332000e-04 297106.609871 -69936.172139
1.333000e-04 340701.810344 -190265.191808
1.334000e-04 295805.872752 -70027.624233
1.335000e-04 334364.329182 -179612.764388
1.336000e-04 293349.284490 -68938.653655
1.337000e-04 326896.358746 -166876.996143
1.338000e-04 293192.835121 -66892.379780
1.339000e-04 312048.351059 -146706.612853
1.340000e-04 287678.093524 -70729.271212
1.341000e-04 299579.288064 -126643.296878
1.342000e-04 292679.303242 -89675.368832
1.343000e-04 295620.531217 -112969.060714
1.344000e-04 299339.908846 -116452.401335
1.345000e-04 292571.037799 -95579.876816
1.346000e-04 306229.932978 -127851.129380
1.347000e-04 296644.176450 -80122.074713
1.348000e-04 308649.929720 -132511.959701
1.349000e-04 305304.843682 -75510.249608
1.350000e-04 312505.018475 -133250.484766
1.351000e-04 310615.832887 -75036.723623
1.352000e-04 316570.702028 -135092.759136
1.353000e-04 309016.234783 -77778.062423
1.354000e-04 313535.102352 -141136.262958
1.355000e-04 306412.002066 -89660.926040
1.356000e-04 304572.112872 -152442.171500
1.357000e-04 298200.164794 -97813.755424
1.358000e-04 293763.739666 -145300.192509
1.359000e-04 286992.579891 -98610.847777
1.360000e-04 286052.174399 -119501.709237
1.361000e-04 285215.995825 -109571.457166
1.362000e-04 292583.779277 -104266.321555
1.363000e-04 288032.677974 -106754.418495
1.364000e-04 301308.133641 -88108.641322
1.365000e-04 295517.290090 -113382.789108
1.366000e-04 311728.805742 -87750.495430
1.367000e-04 302292.394268 -119065.397621
1.368000e-04 312518.487536 -87929.479780
1.369000e-04 302579.244010 -120428.077170
1.370000e-04 307825.385566 -90016.115156
1.371000e-04 287221.650679 -111775.550222
1.372000e-04 292808.089048 -86425.216649
1.373000e-04 279256.956044 -96062.031430
1.374000e-04 283013.584786 -98669.006032
1.375000e-04 293344.165094 -103994.676628
1.376000e-04 282422.117190 -115291.067671
1.377000e-04 312897.871426 -114368.834237
1.378000e-04 287388.516564 -128836.231471
1.379000e-04 325486.840067 -123338.216092
1.380000e-04 282439.940949 -122993.756688
1.381000e-04 306519.948273 -108065.408896
1.382000e-04 276930.987883 -101875.855241
1.383000e-04 279245.098268 -90467.029402
1.384000e-04 303683.530730 -100651.142534
1.385000e-04 280350.707733 -102663.802725
1.386000e-04 328711.665876 -112072.678215
1.387000e-04 279841.752559 -111810.563833
1.388000e-04 316094.482624 -105245.382352
1.389000e-04 270957.805895 -91375.348527
1.390000e-04 282660.461070 -79754.738949
1.391000e-04 294188.903345 -82752.354228
1.392000e-04 280260.216356 -91470.009586
1.393000e-04 337145.068621 -111919.718465
1.394000e-04 284958.632834 -109100.124973
1.395000e-04 324058.906051 -107330.458250
1.396000e-04 288171.122847 -100344.994648
1.397000e-04 289739.734507 -97618.375145
1.398000e-04 335247.363905 -115576.998212
1.399000e-04 280882.496215 -110434.729231
1.400000e-04 325018.963252 -128307.503223
1.401000e-04 277031.731028 -113514.001778
1.402000e-04 295926.757930 -116904.081906
1.403000e-04 296201.201953 -116336.935623
1.404000e-04 265152.467641 -106083.311041
1.405000e-04 311601.797659 -119225.675760
1.406000e-04 259713.365402 -98181.799792
1.407000e-04 314536.466192 -115877.021575
1.408000e-04 267677.269013 -93175.455134
1.409000e-04 313634.927725 -105503.370939
1.410000e-04 273739.470468 -82962.270603
1.411000e-04 302971.958713 -91177.434303
1.412000e-04 291032.381822 -84962.496799
1.413000e-04 292180.531494 -89877.133622
1.414000e-04 304276.779948 -98123.802118
1.415000e-04 278941.828533 -97289.775115
1.416000e-04 316291.039093 -121372.181659
1.417000e-04 270396.205142 -110155.091810
1.418000e-04 319534.913342 -138382.624994
1.419000e-04 270220.202316 -118270.987905
1.420000e-04 317076.437417 -140116.342079
1.421000e-04 280620.775638 -120909.919032
1.422000e-04 313581.272263 -127001.087604
1.423000e-04 284611.024675 -110312.095746
1.424000e-04 310507.379029 -108964.248929
1.425000e-04 293253.791622 -97193.039359
1.426000e-04 303198.813852 -96348.266436
1.427000e-04 295911.147547 -84243.331013
1.428000e-04 298157.684454 -82012.004863
1.429000e-04 302852.929971 -87508.992282
1.430000e-04 293921.144831 -83407.489567
1.431000e-04 307318.315630 -102525.468149
1.432000e-04 295317.392816 -99324.468507
1.433000e-04 308393.740679 -118130.981841
1.434000e-04 298430.250528 -118429.717203
1.435000e-04 309437.916158 -133061.885070
1.436000e-04 299016.503833 -129446.956749
1.437000e-04 311937.457013 -139631.083413
1.438000e-04 299819.783813 -124508.755261
1.439000e-04 309770.730580 -131353.073846
1.440000e-04 299360.811621 -110437.792541
1.441000e-04 307923.587184 -112111.359175
1.442000e-04 296489.691004 -92522.175039
1.443000e-04 307604.819412 -93742.604987
1.444000e-04 297069.299284 -78395.018601
1.445000e-04 310213.551156 -93120.153132
1.446000e-04 297231.583982 -80363.044737
1.447000e-04 309854.514545 -104817.399234
1.448000e-04 299213.155054 -102900.715120
1.449000e-04 308395.034418 -121318.822751
1.450000e-04 300809.909556 -128357.189575
1.451000e-04 307194.626078 -141733.750494
1.452000e-04 300801.135492 -134527.915489
1.453000e-04 308052.705840 -146555.902658
1.454000e-04 301467.668487 -126649.926928
1.455000e-04 307348.291689 -125202.004721
1.456000e-04 304683.892972 -109996.841429
1.457000e-04 306343.456660 -97209.326809
1.458000e-04 304767.408564 -82424.863197
1.459000e-04 304211.491109 -85808.948867
1.460000e-04 304916.342306 -78220.406495
1.461000e-04 307774.634624 -90680.751541
1.462000e-04 303326.016039 -105313.266631
1.463000e-04 301171.512896 -113365.993424
1.464000e-04 299356.083322 -123676.084033
1.465000e-04 292990.389791 -131996.179046
1.466000e-04 298983.429538 -136358.664076
1.467000e-04 296152.577644 -134599.599390
1.468000e-04 296849.795690 -141501.867268
1.469000e-04 301497.534130 -124051.959141
1.470000e-04 302336.512891 -135900.551559
1.471000e-04 296150.281471 -115514.888417
1.472000e-04 305385.511624 -117644.825510
1.473000e-04 296188.267244 -100098.675471
1.474000e-04 306739.357142 -108946.875231
1.475000e-04 303066.810319 -84587.927565
1.476000e-04 302302.072519 -106470.692675
1.477000e-04 303911.038701 -78071.113982
1.478000e-04 302141.723982 -104956.807355
1.479000e-04 300622.675088 -85225.108797
1.480000e-04 303412.440745 -111463.756658
1.481000e-04 294153.538072 -94417.920160
1.482000e-04 300238.871989 -122927.306703
1.483000e-04 300054.216136 -104209.917934
1.484000e-04 297785.406530 -139545.888127
1.485000e-04 299023.614241 -110181.397154
1.486000e-04 293375.362980 -146602.910311
1.487000e-04 297567.165186 -116544.135009
1.488000e-04 304194.992517 -148096.326850
1.489000e-04 296273.055371 -116878.122171
1.490000e-04 304193.734283 -143446.632791
1.491000e-04 299870.565799 -109615.682889
1.492000e-04 305149.875810 -135048.606503
1.493000e-04 306511.999667 -100489.507974
1.494000e-04 302237.679602 -126303.643609
1.495000e-04 311513.568243 -92971.322218
1.496000e-04 302392.136205 -117772.706909
1.497000e-04 311798.306983 -87093.402077
1.498000e-04 310407.722017 -115748.550258
1.499000e-04 305080.615693 -83134.503458
1.500000e-04 312775.402764 -117228.628484
1.501000e-04 305321.380540 -84975.296228
1.502000e-04 309672.381437 -121627.692057
1.503000e-04 306402.293663 -91438.132697
1.504000e-04 302254.535081 -125510.795343
1.505000e-04 308223.585420 -96290.991144
1.506000e-04 298223.653236 -130388.627343
1.507000e-04 307412.835557 -101855.629910
1.508000e-04 296230.818462 -134525.098171
1.509000e-04 302142.257125 -99041.990135
1.510000e-04 300208.130579 -138853.860746
1.511000e-04 296243.782204 -93550.075344
1.512000e-04 303569.118172 -141963.605763
1.513000e-04 298087.781204 -84947.059515
1.514000e-04 305865.184716 -141539.494044
1.515000e-04 302633.170269 -79598.222332
1.516000e-04 294205.336872 -138398.145825
1.517000e-04 310622.641128 -78262.268813
1.518000e-04 291436.365515 -130024.986736
1.519000e-04 312929.996036 -78938.461526
1.520000e-04 290812.656612 -128588.863746
1.521000e-04 309944.994371 -77077.881923
1.522000e-04 295826.345448 -133561.588601
1.523000e-04 301572.292024 -74219.199570
1.524000e-04 302633.957728 -136435.749556
1.525000e-04 298012.420639 -72011.845336
1.526000e-04 295324.700688 -132416.997183
1.527000e-04 300435.566927 -74226.357548
1.528000e-04 289826.586140 -123153.686410
1.529000e-04 307040.481122 -76402.043448
1.530000e-04 277998.535745 -110224.850968
1.531000e-04 305645.926874 -75749.186598
1.532000e-04 278579.444354 -104277.796306
1.533000e-04 299728.466133 -72203.939066
1.534000e-04 281856.456077 -105001.430957
1.535000e-04 286345.078627 -63771.053729
1.536000e-04 282448.126808 -113206.566244
1.537000e-04 281404.986862 -70141.724754
1.538000e-04 273010.745489 -114080.334533
1.539000e-04 286115.768802 -91245.972347
1.540000e-04 266825.973961 -111789.401269
1.541000e-04 293339.044704 -111637.669006
1.542000e-04 268480.295441 -115986.132312
1.543000e-04 299266.697648 -109666.590479
1.544000e-04 277809.800180 -109276.628061
1.545000e-04 303815.039779 -94551.163540
1.546000e-04 295659.263153 -92929.962157
1.547000e-04 303849.823422 -79586.205232
1.548000e-04 306102.214889 -83372.111603
1.549000e-04 301660.595121 -74531.071788
1.550000e-04 306713.842127 -85074.611321
1.551000e-04 308097.668098 -75821.890282
1.552000e-04 301978.764721 -82433.803936
1.553000e-04 302269.825952 -88774.820249
1.554000e-04 297182.077887 -93575.135391
1.555000e-04 296972.794238 -116530.447685
1.556000e-04 299354.041275 -120141.376147
1.557000e-04 286996.295526 -121784.931329
1.558000e-04 305369.003113 -125670.701479
1.559000e-04 284423.422415 -101919.162376
1.560000e-04 315324.946711 -103272.350874
1.561000e-04 284054.166436 -74152.763977
1.562000e-04 321952.482415 -91021.867863
1.563000e-04 284970.332525 -66763.249114
1.564000e-04 324073.970733 -97524.493315
1.565000e-04 291317.589897 -68973.787059
1.566000e-04 320735.487147 -94554.713208
1.567000e-04 285464.912027 -66893.616765
1.568000e-04 317551.994222 -99814.222100
1.569000e-04 278856.216742 -88579.331017
1.570000e-04 314024.049019 -123234.225363
1.571000e-04 273199.481217 -107383.794090
1.572000e-04 310699.193109 -136446.159061
1.573000e-04 273355.873798 -98079.868275
1.574000e-04 324955.007205 -125746.920470
1.575000e-04 277508.049270 -71320.531561
1.576000e-04 332338.684404 -108007.691627
1.577000e-04 284090.853664 -58976.852122
1.578000e-04 335399.327794 -101756.784762
1.579000e-04 287895.782089 -63377.067781
1.580000e-04 334498.409374 -101162.883815
1.581000e-04 288885.654570 -64719.083704
1.582000e-04 331728.939955 -99057.557241
1.583000e-04 292135.898966 -63295.864671
1.584000e-04 328406.177117 -103358.271394
1.585000e-04 282845.050637 -74215.309185
1.586000e-04 330751.622591 -117051.526700
1.587000e-04 275478.127966 -83144.229540
1.588000e-04 331030.359704 -132654.989789
1.589000e-04 271926.286705 -84856.602703
1.590000e-04 334762.978694 -137711.792045
1.591000e-04 272731.677268 -77606.274214
1.592000e-04 338218.512321 -130960.854772
1.593000e-04 271915.035515 -63341.888778
1.594000e-04 336228.675774 -120343.208179
1.595000e-04 272089.692814 -56718.523562
1.596000e-04 334465.161321 -114066.549490
1.597000e-04 273923.083806 -54672.168508
1.598000e-04 336179.037743 -116734.562477
1.599000e-04 274842.394107 -55190.590289
1.600000e-04 334824.058237 -117604.527208
1.601000e-04 279943.472765 -58125.474093
1.602000e-04 330456.642189 -112983.267218
1.603000e-04 286948.871650 -59681.944651
1.604000e-04 322418.728331 -109683.741778
1.605000e-04 289243.981369 -67127.409604
1.606000e-04 312236.704977 -105722.679984
1.607000e-04 293970.997311 -80354.126354
1.608000e-04 296396.408949 -101159.799823
1.609000e-04 303958.961720 -94851.630617
1.610000e-04 284645.817591 -88373.145614
1.611000e-04 322428.105184 -114055.709644
1.612000e-04 282214.727199 -74373.173279
1.613000e-04 340569.225330 -128386.097830
1.614000e-04 285798.255290 -63022.419729
1.615000e-04 350535.854269 -135408.442740
1.616000e-04 287690.988695 -55628.284946
1.617000e-04 349557.604465 -137192.708102
1.618000e-04 290947.135902 -56341.544239
1.619000e-04 334010.693291 -122710.171073
1.620000e-04 292776.581101 -57716.990937
1.621000e-04 305686.311287 -91476.583713
1.622000e-04 309607.567908 -83439.820212
1.623000e-04 300088.647211 -69899.760570
1.624000e-04 318864.484581 -103926.204053
1.625000e-04 301843.582915 -62766.902727
1.626000e-04 328190.940516 -121285.525415
1.627000e-04 302878.257068 -60365.495922
1.628000e-04 328691.295493 -127707.845740
1.629000e-04 296089.075201 -60154.650227
1.630000e-04 318445.505559 -114796.373383
1.631000e-04 286705.760009 -64362.116079
1.632000e-04 304578.804964 -92367.962551
1.633000e-04 289718.550583 -65792.447119
1.634000e-04 296085.154978 -77339.961317
1.635000e-04 299959.885335 -73268.183044
1.636000e-04 292170.903504 -66268.194225
1.637000e-04 309860.558991 -88442.127504
1.638000e-04 290182.925612 -61601.024755
1.639000e-04 318362.016066 -105630.636114
1.640000e-04 289449.170038 -60007.008861
1.641000e-04 325518.617755 -121619.649838
1.642000e-04 288899.840909 -61536.840082
1.643000e-04 319937.715147 -123798.343329
1.644000e-04 287285.590538 -63113.430982
1.645000e-04 312987.807007 -117690.807616
1.646000e-04 288902.805120 -66266.324904
1.647000e-04 305602.384821 -102476.846297
1.648000e-04 291468.976446 -75392.160361
1.649000e-04 294865.873590 -90118.377615
1.650000e-04 295327.697498 -82240.491957
1.651000e-04 288747.436342 -75199.744783
1.652000e-04 299953.139550 -91397.558654
1.653000e-04 287386.039265 -62951.459520
1.654000e-04 305602.462074 -97351.135898
1.655000e-04 287886.866876 -60191.561364
1.656000e-04 307956.103745 -97359.467518
1.657000e-04 291000.692021 -60730.731762
1.658000e-04 311262.862326 -98061.524261
1.659000e-04 297013.693032 -63029.423729
1.660000e-04 310584.957361 -100512.582021
1.661000e-04 301009.874043 -66045.919390
1.662000e-04 314892.749949 -109519.276932
1.663000e-04 302363.250811 -68703.797693
1.664000e-04 304670.726573 -127328.876721
1.665000e-04 306940.539205 -73113.417609
1.666000e-04 302746.722867 -134473.821473
1.667000e-04 305589.201340 -79407.875397
1.668000e-04 300661.666772 -132185.293182
1.669000e-04 303855.308147 -89577.145730
1.670000e-04 294264.625449 -116736.261307
1.671000e-04 298840.461761 -91109.895543
1.672000e-04 289096.899426 -95218.313687
1.673000e-04 291037.231758 -80097.422924
1.674000e-04 282675.714472 -80677.747083
1.675000e-04 283107.411620 -61486.184983
1.676000e-04 279528.030037 -66500.276548
1.677000e-04 278474.498840 -54969.187379
1.678000e-04 282622.737140 -53654.462265
1.679000e-04 282246.599385 -52212.890669
1.680000e-04 290097.306468 -53053.924939
1.681000e-04 286152.160316 -53102.539635
1.682000e-04 300945.907537 -55671.865412
1.683000e-04 294933.018909 -68084.212309
1.684000e-04 312496.993452 -73383.176781
1.685000e-04 300711.955633 -86787.289031
1.686000e-04 317407.760253 -92778.560495
1.687000e-04 304532.228906 -114108.259370
1.688000e-04 316127.504651 -103911.238743
1.689000e-04 301019.193092 -130793.924693
1.690000e-04 307099.800780 -103036.521723
1.691000e-04 291136.914291 -132242.272458
1.692000e-04 292567.784652 -83064.385249
1.693000e-04 275770.292756 -115666.992400
1.694000e-04 281722.915155 -68648.180671
1.695000e-04 262757.048644 -95456.769509
1.696000e-04 276885.617791 -65982.760059
1.697000e-04 262745.642259 -87630.733898
1.698000e-04 281576.570895 -61114.642970
1.699000e-04 276518.566811 -95895.681322
1.700000e-04 289282.633374 -60516.747972
1.701000e-04 294877.918225 -116809.954823
1.702000e-04 303172.250540 -77155.163262
1.703000e-04 314795.956689 -144521.148625
1.704000e-04 310757.149647 -99061.485919
1.705000e-04 308423.095594 -158209.605114
1.706000e-04 313098.839520 -110034.254415
1.707000e-04 302570.372317 -152453.895159
1.708000e-04 306227.411885 -102816.125882
1.709000e-04 299311.983118 -125659.291838
1.710000e-04 299998.425916 -81472.076241
1.711000e-04 291904.248292 -93387.091641
1.712000e-04 289782.717940 -63927.297974
1.713000e-04 284557.237706 -68173.026815
1.714000e-04 280256.056329 -55308.057066
1.715000e-04 281964.158631 -59874.581411
1.716000e-04 278977.156906 -55410.074818
1.717000e-04 285509.383310 -57712.668044
1.718000e-04 282307.701454 -62024.322167
1.719000e-04 290476.063666 -72761.546948
1.720000e-04 288338.421303 -86437.145712
1.721000e-04 300571.419378 -99811.833308
1.722000e-04 298114.313984 -123485.590829
1.723000e-04 306812.025186 -128286.223605
1.724000e-04 304966.773776 -156890.205101
1.725000e-04 308040.488670 -133642.482568
1.726000e-04 303741.932587 -162007.949150
1.727000e-04 306688.939414 -116952.303734
1.728000e-04 296613.350661 -138346.451000
1.729000e-04 301717.579346 -97102.272208
1.730000e-04 286456.017387 -110228.349265
1.731000e-04 296997.440177 -76859.910690
1.732000e-04 279367.700265 -86126.875098
1.733000e-04 294454.821223 -67396.630472
1.734000e-04 278973.978212 -79631.760448
1.735000e-04 291122.735677 -69964.532830
1.736000e-04 284120.570734 -86833.933588
1.737000e-04 293506.576905 -81166.553925
1.738000e-04 295043.526408 -107007.876210
1.739000e-04 301325.116920 -109918.433211
1.740000e-04 299657.693597 -138176.097011
1.741000e-04 306554.142004 -138825.701698
1.742000e-04 306828.288214 -157298.494801
1.743000e-04 306382.237271 -152912.427639
1.744000e-04 305755.045321 -153378.230298
1.745000e-04 295572.981617 -135763.722513
1.746000e-04 298181.948109 -118287.627160
1.747000e-04 284019.065132 -102878.427993
1.748000e-04 293054.296826 -87551.401480
1.749000e-04 269995.408030 -77910.192208
1.750000e-04 295136.483159 -85734.074342
1.751000e-04 274052.547041 -78315.702665
1.752000e-04 296006.085842 -90909.788745
1.753000e-04 279413.830164 -79702.459837
1.754000e-04 296518.518357 -92552.468011
1.755000e-04 287897.919486 -89744.011706
1.756000e-04 296465.759718 -106228.487190
1.757000e-04 299171.934834 -110821.339727
1.758000e-04 303542.559318 -129220.803414
1.759000e-04 317106.146826 -141265.270725
1.760000e-04 302426.504876 -140223.351942
1.761000e-04 318270.023786 -146916.559855
1.762000e-04 293562.809901 -131810.187940
1.763000e-04 302106.547856 -124113.299921
1.764000e-04 276974.834081 -98736.878394
1.765000e-04 288488.896609 -98591.567419
1.766000e-04 272526.491122 -83839.714239
1.767000e-04 282875.782828 -91200.519889
1.768000e-04 272861.327486 -80666.603727
1.769000e-04 273613.669137 -82736.168419
1.770000e-04 275749.803277 -82449.584313
1.771000e-04 278572.114560 -77720.592617
1.772000e-04 291476.433832 -87833.897214
1.773000e-04 285615.379569 -84749.870353
1.774000e-04 315213.146891 -100955.536732
1.775000e-04 293630.604765 -114371.108972
1.776000e-04 323659.313707 -115688.872128
1.777000e-04 298566.803330 -133711.553675
1.778000e-04 310318.718767 -115861.323156
1.779000e-04 291424.681656 -126241.705090
1.780000e-04 289434.589174 -103423.254832
1.781000e-04 279585.222495 -102797.393449
1.782000e-04 269647.331084 -88158.907119
1.783000e-04 275258.136823 -82652.193859
1.784000e-04 267325.050867 -89557.721310
1.785000e-04 283547.307565 -86933.847042
1.786000e-04 280210.410141 -101417.448271
1.787000e-04 302685.764712 -93573.859205
1.788000e-04 303721.371262 -103336.589859
1.789000e-04 326146.364493 -88513.173116
1.790000e-04 333126.633210 -96460.488305
1.791000e-04 335832.924322 -92826.086518
1.792000e-04 345098.853236 -96709.901568
1.793000e-04 331127.708828 -106898.695383
1.794000e-04 340200.597781 -112428.492003
1.795000e-04 301906.277258 -126883.443952
1.796000e-04 311709.120558 -138206.391338
1.797000e-04 271856.437255 -127613.346524
1.798000e-04 280266.572839 -127277.727100
1.799000e-04 257135.758451 -112000.103001
1.800000e-04 271466.835502 -106583.435499
1.801000e-04 256887.776928 -88171.347987
1.802000e-04 272506.889074 -99514.642507
1.803000e-04 267942.090031 -79588.397461
1.804000e-04 284259.110398 -103182.376498
1.805000e-04 284173.027960 -85284.430902
1.806000e-04 307957.259015 -104817.860031
1.807000e-04 307189.746728 -78629.671981
1.808000e-04 335755.210394 -99728.640823
1.809000e-04 338061.726198 -93063.258782
1.810000e-04 351702.321085 -113426.329682
1.811000e-04 342865.721825 -114908.437616
1.812000e-04 334939.246574 -132105.030326
1.813000e-04 319815.401112 -130563.000663
1.814000e-04 308229.734298 -143979.670571
1.815000e-04 290708.265513 -127253.389834
1.816000e-04 280522.366187 -131312.136914
1.817000e-04 272762.523809 -107905.472829
1.818000e-04 266808.610265 -107736.423689
1.819000e-04 264141.188927 -88840.157839
1.820000e-04 262200.877828 -84763.934793
1.821000e-04 269438.839397 -83257.786444
1.822000e-04 273363.199538 -81842.145729
1.823000e-04 287083.993663 -91391.915304
1.824000e-04 298802.854664 -77557.446482
1.825000e-04 321198.739893 -91603.559935
1.826000e-04 339083.905830 -84011.984473
1.827000e-04 361172.282815 -108318.586429
1.828000e-04 358383.822193 -102712.308508
1.829000e-04 373208.803022 -136919.225028
1.830000e-04 348967.617100 -117737.887665
1.831000e-04 344124.981886 -156809.225367
1.832000e-04 300071.041947 -117899.136097
1.833000e-04 303110.047466 -151646.569041
1.834000e-04 268201.455936 -100356.491661
1.835000e-04 274249.447947 -124459.013920
1.836000e-04 252601.150587 -74062.249407
1.837000e-04 265023.942031 -107601.653877
1.838000e-04 252930.988872 -59368.122968
1.839000e-04 280010.398528 -103887.284534
1.840000e-04 278256.724847 -59171.837298
1.841000e-04 324932.154534 -109230.583282
1.842000e-04 342581.720886 -70012.455295
1.843000e-04 392692.680927 -125603.382437
1.844000e-04 385927.049302 -92899.589120
1.845000e-04 389701.725771 -137502.129044
1.846000e-04 339145.270606 -105299.497753
1.847000e-04 318908.294713 -143320.386979
1.848000e-04 273820.340044 -100747.022595
1.849000e-04 269375.621353 -131140.653675
1.850000e-04 254140.991929 -87361.896006
1.851000e-04 263400.829099 -124082.594044
1.852000e-04 260722.429859 -78962.793825
1.853000e-04 273424.598083 -117391.188449
1.854000e-04 282768.629661 -74185.135616
1.855000e-04 318451.597456 -114712.422321
1.856000e-04 355312.067380 -83816.929613
1.857000e-04 397367.758287 -125133.442290
1.858000e-04 402387.948359 -91487.351787
1.859000e-04 396975.633251 -124058.823679
1.860000e-04 350234.305951 -82549.599186
1.861000e-04 316589.740795 -114227.739037
1.862000e-04 277267.216307 -84518.875198
1.863000e-04 266251.438787 -109923.047888
1.864000e-04 255285.308723 -85720.570478
1.865000e-04 255085.894685 -104379.304528
1.866000e-04 259139.867666 -87242.034680
1.867000e-04 270429.129497 -105789.462704
1.868000e-04 293211.356166 -86940.245137
1.869000e-04 341172.994683 -103666.300379
1.870000e-04 372944.945878 -86011.727286
1.871000e-04 385943.424421 -109162.941809
1.872000e-04 364203.954582 -92909.858048
1.873000e-04 329132.902144 -107566.539668
1.874000e-04 300382.276724 -91407.703783
1.875000e-04 284208.353793 -104772.590738
1.876000e-04 279151.349099 -87831.895366
1.877000e-04 291546.323030 -99371.598687
1.878000e-04 316852.132800 -82992.727475
1.879000e-04 340715.325862 -91879.787470
1.880000e-04 342529.736276 -83375.595847
1.881000e-04 324981.271051 -93572.130049
1.882000e-04 294763.080294 -83299.900498
1.883000e-04 271958.708652 -87466.772247
1.884000e-04 268969.735828 -80536.850032
1.885000e-04 275518.201307 -86498.189236
1.886000e-04 300662.902730 -82202.286937
1.887000e-04 322027.276699 -86674.894832
1.888000e-04 342496.455021 -80863.268235
1.889000e-04 330007.882707 -85341.347090
1.890000e-04 325758.208997 -83387.484304
1.891000e-04 308335.060033 -90375.417537
1.892000e-04 308596.211811 -80986.405646
1.893000e-04 307090.744805 -91468.433337
1.894000e-04 316818.791868 -84708.733050
1.895000e-04 325402.533115 -93432.878095
1.896000e-04 332816.812881 -77764.850888
1.897000e-04 331604.500525 -92137.722356
1.898000e-04 328506.681999 -71039.961054
1.899000e-04 305514.519108 -90392.645417
1.900000e-04 307623.121409 -74689.037563
1.901000e-04 287591.462625 -85411.271392
1.902000e-04 305601.165662 -77635.473268
1.903000e-04 284117.098213 -81012.400100
1.904000e-04 312461.048320 -80348.351391
1.905000e-04 284566.497005 -72606.986512
1.906000e-04 306271.350892 -76669.330399
1.907000e-04 290477.935867 -70381.868529
1.908000e-04 305729.744129 -74099.638263
1.909000e-04 307489.655918 -74251.212073
1.910000e-04 308175.846322 -69694.495824
1.911000e-04 329282.272077 -78461.618936
1.912000e-04 321881.271222 -74280.524160
1.913000e-04 349843.159044 -95189.127986
1.914000e-04 314553.511904 -73823.404771
1.915000e-04 345670.376789 -98211.398618
1.916000e-04 306869.594279 -71741.489154
1.917000e-04 330758.032366 -97454.400106
1.918000e-04 295032.640650 -62957.495213
1.919000e-04 314278.753859 -94821.142815
1.920000e-04 294445.209150 -59804.987897
1.921000e-04 305469.513650 -93180.105658
1.922000e-04 297880.083404 -68640.043878
1.923000e-04 296427.642594 -89284.445356
1.924000e-04 296399.047771 -80289.822256
1.925000e-04 293109.517299 -82932.590464
1.926000e-04 297271.270756 -91440.940341
1.927000e-04 284252.856907 -73878.166991
1.928000e-04 297125.166098 -95631.542583
1.929000e-04 292043.550321 -67183.848468
1.930000e-04 316164.840013 -91775.828969
1.931000e-04 308162.103034 -61362.047952
1.932000e-04 332285.102480 -88428.581345
1.933000e-04 315305.453800 -59375.878686
1.934000e-04 341808.875636 -86723.244161
1.935000e-04 317390.793124 -60186.074653
1.936000e-04 333223.242115 -87624.893325
1.937000e-04 300622.417186 -57266.739209
1.938000e-04 319256.269809 -91918.571491
1.939000e-04 294093.094422 -61879.054898
1.940000e-04 312634.973949 -100026.727894
1.941000e-04 293710.350747 -73884.279389
1.942000e-04 306841.620307 -105629.976633
1.943000e-04 298350.827821 -83405.492204
1.944000e-04 309559.339945 -107836.623821
1.945000e-04 298445.675670 -85556.989514
1.946000e-04 309523.909920 -101655.579417
1.947000e-04 303728.200929 -80423.227212
1.948000e-04 316149.533777 -90116.128542
1.949000e-04 314441.025557 -71642.691004
1.950000e-04 323597.609532 -75995.820800
1.951000e-04 321075.206709 -63907.733862
1.952000e-04 330055.451624 -70415.359233
1.953000e-04 325908.839924 -67632.374017
1.954000e-04 320495.268135 -74276.465110
1.955000e-04 319377.868077 -76796.965731
1.956000e-04 310424.388604 -88160.647938
1.957000e-04 312986.571921 -96690.482264
1.958000e-04 304270.828643 -103337.397335
1.959000e-04 309132.071845 -113386.798619
1.960000e-04 302346.826331 -109502.315207
1.961000e-04 312327.137417 -112929.901884
1.962000e-04 306530.164606 -100813.747963
1.963000e-04 314910.199208 -97445.413064
1.964000e-04 310295.052708 -82803.677167
1.965000e-04 313976.591851 -77851.864262
1.966000e-04 317186.346869 -67466.781740
1.967000e-04 324551.129100 -80003.962517
1.968000e-04 316595.115308 -74524.844708
1.969000e-04 324436.548910 -91754.964796
1.970000e-04 307273.766691 -84871.051988
1.971000e-04 317515.051009 -99430.012075
1.972000e-04 293414.966928 -93887.940843
1.973000e-04 310246.761770 -111890.623473
1.974000e-04 287064.582333 -103899.867387
1.975000e-04 307282.884140 -112958.620646
1.976000e-04 290362.682620 -103876.009788
1.977000e-04 300681.802546 -108772.228618
1.978000e-04 303830.199949 -106287.324659
1.979000e-04 311161.354699 -103887.234793
1.980000e-04 317659.737455 -98297.564375
1.981000e-04 319280.053911 -94069.256268
1.982000e-04 324664.002073 -92362.947106
1.983000e-04 324966.086378 -92105.880750
1.984000e-04 335264.500605 -90102.961678
1.985000e-04 322811.815145 -84676.432276
1.986000e-04 332934.996553 -89144.685880
1.987000e-04 318556.262236 -86898.516925
1.988000e-04 330671.967787 -95049.522977
1.989000e-04 319209.286614 -91437.553309
1.990000e-04 323765.213458 -95097.703864
1.991000e-04 315623.637384 -97110.756680
1.992000e-04 317226.962158 -102904.301646
1.993000e-04 313247.097589 -107066.053269
1.994000e-04 312278.956721 -104880.657121
1.995000e-04 312072.455909 -103203.502208
1.996000e-04 308876.526589 -106196.085664
1.997000e-04 312496.185225 -107083.605411
1.998000e-04 307820.706928 -107428.722245
1.999000e-04 317855.981600 -103424.881669
