0.000000e+00 0.000000 0.000000
5.000000e-08 969.726747 -134.076139
1.000000e-07 1684.610557 -197.732880
1.500000e-07 2356.293274 -255.675075
2.000000e-07 2992.559050 -313.280355
2.500000e-07 3612.734657 -364.807112
3.000000e-07 4177.897068 -417.138282
3.500000e-07 4578.577981 -458.163483
4.000000e-07 4912.278975 -493.307244
4.500000e-07 5270.316768 -529.577898
5.000000e-07 5629.528862 -565.014568
5.500000e-07 5979.002276 -600.710224
6.000000e-07 6326.466885 -634.878897
6.500000e-07 6636.574142 -664.438124
7.000000e-07 7459.490759 -745.840968
7.500000e-07 8384.497826 -827.365511
8.000000e-07 9174.737112 -893.113806
8.500000e-07 9819.832408 -948.040177
9.000000e-07 10378.520156 -998.683398
9.500000e-07 10907.299671 -1042.072735
1.000000e-06 11473.293005 -1090.219255
1.050000e-06 12037.991285 -1143.100555
1.100000e-06 12663.439796 -1203.051698
1.150000e-06 13389.430150 -1273.696430
1.200000e-06 14145.530420 -1354.075479
1.250000e-06 14909.075893 -1432.028437
1.300000e-06 15596.567034 -1502.994511
1.350000e-06 16199.953347 -1560.934709
1.400000e-06 17131.586919 -1626.756828
1.450000e-06 18258.268111 -1725.617046
1.500000e-06 19118.532436 -1790.187171
1.550000e-06 19874.628817 -1863.529868
1.600000e-06 20530.506553 -1932.746943
1.650000e-06 21201.608284 -1982.948450
1.700000e-06 22031.167128 -2047.947436
1.750000e-06 22922.497984 -2135.145425
1.800000e-06 23795.357179 -2231.066371
1.850000e-06 24682.844507 -2322.169101
1.900000e-06 25514.762205 -2419.535226
1.950000e-06 26311.516277 -2512.831414
2.000000e-06 27095.910359 -2602.201910
2.050000e-06 27717.502235 -2664.935225
2.100000e-06 28352.540650 -2716.687624
2.150000e-06 29465.550706 -2778.516019
2.200000e-06 30377.277465 -2844.890380
2.250000e-06 31137.733213 -2920.567449
2.300000e-06 31917.294331 -2995.308455
2.350000e-06 32796.485627 -3066.510718
2.400000e-06 33889.669609 -3155.898762
2.450000e-06 35024.271472 -3258.351694
2.500000e-06 35997.369463 -3354.488900
2.550000e-06 36967.083113 -3447.851277
2.600000e-06 37863.106156 -3546.966950
2.650000e-06 38738.416740 -3665.748200
2.700000e-06 39539.939991 -3758.079848
2.750000e-06 40147.694189 -3815.875731
2.800000e-06 40528.767631 -3825.641191
2.850000e-06 41515.317710 -3879.886138
2.900000e-06 42451.066881 -3958.337941
2.950000e-06 43297.029848 -4045.903362
3.000000e-06 44204.935887 -4129.030521
3.050000e-06 45164.472992 -4208.842333
3.100000e-06 46262.687537 -4292.064066
3.150000e-06 47393.515668 -4388.371849
3.200000e-06 48234.171346 -4467.085883
3.250000e-06 49069.720502 -4551.916115
3.300000e-06 49892.370060 -4650.134243
3.350000e-06 50713.978087 -4743.331754
3.400000e-06 51482.001157 -4824.375369
3.450000e-06 52106.459858 -4881.952283
3.500000e-06 52558.757527 -4909.569573
3.550000e-06 53787.479733 -4996.940262
3.600000e-06 54873.103196 -5094.537874
3.650000e-06 55891.795022 -5194.893509
3.700000e-06 56956.624105 -5295.992621
3.750000e-06 57967.484407 -5368.657500
3.800000e-06 59008.355945 -5437.876593
3.850000e-06 59997.061951 -5531.387682
3.900000e-06 60860.317809 -5633.105453
3.950000e-06 61694.433916 -5726.233897
4.000000e-06 62511.770246 -5819.633123
4.050000e-06 63379.724994 -5918.440282
4.100000e-06 64224.033610 -6012.906668
4.150000e-06 64938.056607 -6076.235308
4.200000e-06 66277.086949 -6163.520914
4.250000e-06 67474.683231 -6252.525387
4.300000e-06 68566.868516 -6346.908750
4.350000e-06 69546.827248 -6441.620907
4.400000e-06 70449.068372 -6518.316927
4.450000e-06 71278.526936 -6572.131567
4.500000e-06 72105.616577 -6628.564772
4.550000e-06 72990.835414 -6716.410550
4.600000e-06 73870.641556 -6808.938548
4.650000e-06 74741.189410 -6920.388992
4.700000e-06 75563.460720 -7013.638408
4.750000e-06 76405.477326 -7101.212999
4.800000e-06 77552.218712 -7203.269953
4.850000e-06 78871.051991 -7290.863039
4.900000e-06 79978.917741 -7381.546202
4.950000e-06 80853.251921 -7453.624778
5.000000e-06 81639.318713 -7516.889366
5.050000e-06 82353.959721 -7553.610791
5.100000e-06 83082.360058 -7596.566467
5.150000e-06 83831.344223 -7663.794872
5.200000e-06 84763.362350 -7750.270714
5.250000e-06 85722.538150 -7855.522201
5.300000e-06 86663.975288 -7976.550609
5.350000e-06 87586.125141 -8092.454073
5.400000e-06 88406.656608 -8177.533297
5.450000e-06 89536.302343 -8281.984571
5.500000e-06 90862.335370 -8366.416878
5.550000e-06 91932.341670 -8451.622062
5.600000e-06 92660.556641 -8512.330708
5.650000e-06 93265.308561 -8552.277788
5.700000e-06 93958.816373 -8609.229129
5.750000e-06 94705.587316 -8660.214220
5.800000e-06 95620.116024 -8736.696706
5.850000e-06 96684.909063 -8832.393940
5.900000e-06 97803.990493 -8961.233173
5.950000e-06 98815.058139 -9095.586034
6.000000e-06 99717.183891 -9211.299673
6.050000e-06 100527.789895 -9311.012507
6.100000e-06 101801.556336 -9417.761355
6.150000e-06 102977.833981 -9484.994154
6.200000e-06 103891.483929 -9543.807083
6.250000e-06 104633.357144 -9600.141156
6.300000e-06 105322.082348 -9653.507651
6.350000e-06 106044.817663 -9714.941948
6.400000e-06 106860.880648 -9795.530161
6.450000e-06 107854.227118 -9875.306471
6.500000e-06 108913.970181 -9959.642016
6.550000e-06 109967.663636 -10072.704877
6.600000e-06 110916.453219 -10185.037274
6.650000e-06 111685.025282 -10281.150160
6.700000e-06 112344.807725 -10357.414422
6.750000e-06 113584.109352 -10459.792170
6.800000e-06 114592.989411 -10519.875842
6.850000e-06 115319.659331 -10557.869160
6.900000e-06 115940.043189 -10593.177570
6.950000e-06 116564.607967 -10640.096142
7.000000e-06 117315.720061 -10710.183814
7.050000e-06 118135.827998 -10794.825098
7.100000e-06 119157.840999 -10877.632014
7.150000e-06 120126.274783 -10941.993611
7.200000e-06 121100.593284 -11040.534938
7.250000e-06 121909.844334 -11132.990307
7.300000e-06 122599.436831 -11226.415798
7.350000e-06 123184.070636 -11308.726540
7.400000e-06 123926.773751 -11395.118124
7.450000e-06 124899.930313 -11466.124430
7.500000e-06 125555.266700 -11489.609785
7.550000e-06 126193.341971 -11520.153365
7.600000e-06 126846.865864 -11582.341150
7.650000e-06 127717.416063 -11661.876952
7.700000e-06 128634.100787 -11753.875775
7.750000e-06 129583.520063 -11837.398814
7.800000e-06 130561.820619 -11915.482508
7.850000e-06 131437.293796 -11989.446379
7.900000e-06 132195.793145 -12059.833455
7.950000e-06 132878.404344 -12131.428454
8.000000e-06 133546.677889 -12229.082389
8.050000e-06 134150.253785 -12318.785201
8.100000e-06 134805.638677 -12393.413425
8.150000e-06 135609.645839 -12428.720841
8.200000e-06 136366.680890 -12468.422705
8.250000e-06 137207.846106 -12544.619852
8.300000e-06 138084.417804 -12642.579859
8.350000e-06 138972.335801 -12725.928704
8.400000e-06 139878.718084 -12802.897218
8.450000e-06 140736.583003 -12865.176897
8.500000e-06 141498.290751 -12904.926625
8.550000e-06 142133.918871 -12951.947252
8.600000e-06 142747.750149 -13008.915638
8.650000e-06 143386.804062 -13085.706499
8.700000e-06 144121.634014 -13187.382877
8.750000e-06 144679.457614 -13260.445686
8.800000e-06 145195.968078 -13297.212530
8.850000e-06 146059.252960 -13376.438027
8.900000e-06 146927.508075 -13446.683682
8.950000e-06 147770.535161 -13529.339955
9.000000e-06 148417.280697 -13590.648281
9.050000e-06 149159.782053 -13634.173984
9.100000e-06 149871.864616 -13670.886690
9.150000e-06 150449.397754 -13700.902074
9.200000e-06 150939.503886 -13713.362195
9.250000e-06 151513.506814 -13749.922141
9.300000e-06 152206.922608 -13823.313783
9.350000e-06 152970.008310 -13924.425452
9.400000e-06 153689.407481 -14023.975297
9.450000e-06 154259.656315 -14093.170343
9.500000e-06 154728.906853 -14131.313675
9.550000e-06 155258.078909 -14179.057929
9.600000e-06 156087.052102 -14279.048588
9.650000e-06 156826.832388 -14332.268932
9.700000e-06 157427.074609 -14383.178070
9.750000e-06 158060.510911 -14429.677970
9.800000e-06 158727.664212 -14459.411572
9.850000e-06 159287.156614 -14483.152991
9.900000e-06 159857.370791 -14521.488161
9.950000e-06 160597.363753 -14588.770744
1.000000e-05 161364.007570 -14669.004701
1.005000e-05 162162.209512 -14755.475457
1.010000e-05 162823.616629 -14841.750810
1.015000e-05 163404.964588 -14906.434580
1.020000e-05 163982.406287 -14969.921234
1.025000e-05 164420.045940 -15016.078780
1.030000e-05 165192.258146 -15106.692976
1.035000e-05 165854.470497 -15159.175706
1.040000e-05 166531.745975 -15190.621361
1.045000e-05 167227.816989 -15235.560448
1.050000e-05 167784.623508 -15256.233675
1.055000e-05 168395.158785 -15302.809088
1.060000e-05 168999.221016 -15364.773375
1.065000e-05 169648.310139 -15421.843140
1.070000e-05 170365.689722 -15486.516769
1.075000e-05 171017.845523 -15556.018184
1.080000e-05 171733.767519 -15632.691356
1.085000e-05 172434.671462 -15726.499679
1.090000e-05 172984.191684 -15788.946500
1.095000e-05 173494.178843 -15836.632880
1.100000e-05 174091.466678 -15912.216797
1.105000e-05 174853.419281 -15975.727573
1.110000e-05 175502.812065 -16017.491105
1.115000e-05 176014.510608 -16037.146816
1.120000e-05 176543.050889 -16049.917940
1.125000e-05 177154.887595 -16083.643681
1.130000e-05 177834.429940 -16150.256465
1.135000e-05 178423.102561 -16203.217749
1.140000e-05 178833.146960 -16211.093043
1.145000e-05 179492.600802 -16278.094379
1.150000e-05 180175.195222 -16367.015023
1.155000e-05 180910.151823 -16460.514975
1.160000e-05 181553.599330 -16558.578609
1.165000e-05 182351.188033 -16658.989036
1.170000e-05 183185.893954 -16727.335072
1.175000e-05 183959.928927 -16793.832793
1.180000e-05 184675.389499 -16855.347830
1.185000e-05 185358.680111 -16892.623313
1.190000e-05 186098.360332 -16934.285059
1.195000e-05 186976.983658 -17002.715780
1.200000e-05 187846.967992 -17080.104882
1.205000e-05 188594.115293 -17149.697285
1.210000e-05 189416.442984 -17243.691193
1.215000e-05 190232.605339 -17344.285891
1.220000e-05 191438.037876 -17503.638942
1.225000e-05 192494.683111 -17617.847284
1.230000e-05 193430.078274 -17713.756921
1.235000e-05 194392.653790 -17811.719997
1.240000e-05 195235.020868 -17867.934103
1.245000e-05 195985.820675 -17922.237076
1.250000e-05 196679.075284 -17968.920718
1.255000e-05 197409.575307 -18010.993237
1.260000e-05 198360.007987 -18076.774266
1.265000e-05 199223.261956 -18153.029377
1.270000e-05 199959.630781 -18217.557716
1.275000e-05 200946.094351 -18357.225127
1.280000e-05 201798.844632 -18485.873972
1.285000e-05 202645.067267 -18613.664097
1.290000e-05 203547.519794 -18770.523310
1.295000e-05 204398.079474 -18918.665036
1.300000e-05 205302.842964 -19075.876487
1.305000e-05 206051.422999 -19208.268494
1.310000e-05 206820.022548 -19318.280350
1.315000e-05 207645.919850 -19418.306702
1.320000e-05 208543.242803 -19518.851369
1.325000e-05 209474.173401 -19622.738488
1.330000e-05 210333.981081 -19720.419425
1.335000e-05 211065.327301 -19800.549762
1.340000e-05 211831.734271 -19904.263343
1.345000e-05 212577.168849 -20024.707998
1.350000e-05 213302.719059 -20141.423937
1.355000e-05 214009.009331 -20252.640999
1.360000e-05 214687.725462 -20367.845601
1.365000e-05 215444.349454 -20511.554873
1.370000e-05 216201.273815 -20639.633345
1.375000e-05 216889.707588 -20748.506453
1.380000e-05 217481.374636 -20833.582846
1.385000e-05 218164.802044 -20912.139920
1.390000e-05 218838.512878 -20992.334619
1.395000e-05 219434.537968 -21057.135915
1.400000e-05 219963.307224 -21132.869019
1.405000e-05 220520.749245 -21218.252818
1.410000e-05 221065.918116 -21303.721427
1.415000e-05 221611.544900 -21403.713258
1.420000e-05 222199.569530 -21534.058123
1.425000e-05 222816.499738 -21640.328168
1.430000e-05 223470.532271 -21749.602324
1.435000e-05 224095.813637 -21860.507735
1.440000e-05 224676.640618 -21957.980166
1.445000e-05 225124.484359 -22033.757635
1.450000e-05 226016.815833 -22183.165804
1.455000e-05 226792.970177 -22279.948163
1.460000e-05 227462.683065 -22376.152628
1.465000e-05 228067.571864 -22482.191593
1.470000e-05 228636.074986 -22576.142603
1.475000e-05 229192.706187 -22670.493190
1.480000e-05 229829.282787 -22768.608414
1.485000e-05 230476.917955 -22883.662064
1.490000e-05 231164.757498 -23019.039143
1.495000e-05 231882.498644 -23174.903367
1.500000e-05 232594.667707 -23320.213052
1.505000e-05 233196.860449 -23437.455998
1.510000e-05 233673.275125 -23528.193113
1.515000e-05 234116.124544 -23601.138828
1.520000e-05 234527.313946 -23662.756623
1.525000e-05 234856.797424 -23700.641177
1.530000e-05 235161.843178 -23723.778966
1.535000e-05 235442.394998 -23752.456146
1.540000e-05 235771.886707 -23803.653519
1.545000e-05 236197.370299 -23882.248689
1.550000e-05 236590.436740 -23966.857688
1.555000e-05 237041.136092 -24047.394224
1.560000e-05 237484.862220 -24138.148058
1.565000e-05 237939.039747 -24232.485373
1.570000e-05 238402.591229 -24342.567390
1.575000e-05 238756.579266 -24433.543662
1.580000e-05 239197.239388 -23605.835210
1.585000e-05 239098.203715 -23521.084863
1.590000e-05 239329.229869 -23517.355567
1.595000e-05 239553.240460 -23419.412838
1.600000e-05 240017.187086 -23380.614033
1.605000e-05 240489.874643 -23373.531105
1.610000e-05 240951.675175 -23445.233544
1.615000e-05 241410.720352 -23570.849851
1.620000e-05 241847.820318 -23691.886899
1.625000e-05 242076.106271 -23780.296791
1.630000e-05 242432.293209 -23854.172380
1.635000e-05 242967.856479 -23929.402550
1.640000e-05 243410.858012 -24001.085202
1.645000e-05 243845.305064 -24092.830696
1.650000e-05 244266.126342 -24176.722026
1.655000e-05 244541.938130 -24230.354577
1.660000e-05 244853.846556 -24282.137186
1.665000e-05 244971.378974 -24285.864094
1.670000e-05 245234.213858 -24280.378145
1.675000e-05 245554.833699 -24302.983176
1.680000e-05 245786.021783 -24307.985461
1.685000e-05 246094.271279 -24359.669889
1.690000e-05 246336.179130 -24442.838769
1.695000e-05 246581.162543 -24504.607322
1.700000e-05 246810.450407 -24571.585982
1.705000e-05 247004.958419 -24609.229959
1.710000e-05 247281.311389 -24653.962011
1.715000e-05 247422.202701 -24688.366975
1.720000e-05 247610.816745 -24695.514710
1.725000e-05 247836.618194 -24723.421038
1.730000e-05 248003.004490 -24755.525074
1.735000e-05 248221.819209 -24787.437099
1.740000e-05 248304.793732 -24771.782119
1.745000e-05 248491.618287 -24796.156372
1.750000e-05 248539.693946 -24828.542737
1.755000e-05 248723.731388 -24894.504068
1.760000e-05 249090.315991 -25069.685373
1.765000e-05 249659.537468 -25252.895182
1.770000e-05 250240.837934 -25501.365084
1.775000e-05 250728.524496 -25733.389075
1.780000e-05 251314.146056 -25990.093372
1.785000e-05 251804.958124 -26177.450767
1.790000e-05 252369.417551 -26340.388991
1.795000e-05 252920.512747 -26513.077398
1.800000e-05 253380.207398 -26659.076948
1.805000e-05 253980.932349 -26819.230461
1.810000e-05 254454.988604 -26954.057735
1.815000e-05 254906.592354 -27089.165840
1.820000e-05 255221.583843 -27229.246335
1.825000e-05 255687.713823 -27392.974275
1.830000e-05 256236.426425 -27558.393866
1.835000e-05 256886.710411 -27747.383159
1.840000e-05 257468.735523 -27934.573911
1.845000e-05 257904.196584 -28074.473860
1.850000e-05 258380.985110 -28216.568835
1.855000e-05 258773.278602 -28347.662608
1.860000e-05 259059.787494 -28431.680998
1.865000e-05 259428.531706 -28528.324961
1.870000e-05 259828.666496 -28587.058248
1.875000e-05 260274.667156 -28678.425419
1.880000e-05 260771.808068 -28807.892605
1.885000e-05 261205.892974 -28943.215103
1.890000e-05 261580.219546 -29064.934581
1.895000e-05 262020.493894 -29207.587286
1.900000e-05 262311.540348 -29335.955888
1.905000e-05 262695.423922 -29460.025867
1.910000e-05 263100.385512 -29588.070898
1.915000e-05 263527.424584 -29718.961446
1.920000e-05 263917.018256 -29870.087444
1.925000e-05 264250.196807 -29999.470933
1.930000e-05 264635.181390 -30106.601417
1.935000e-05 264897.124140 -30194.211443
1.940000e-05 265291.423144 -30284.974058
1.945000e-05 265687.980522 -30382.021100
1.950000e-05 265985.664341 -30465.328254
1.955000e-05 266462.847504 -30589.411087
1.960000e-05 266774.180880 -30730.714294
1.965000e-05 267088.075668 -30842.223018
1.970000e-05 267489.914540 -30979.942294
1.975000e-05 267883.391420 -31111.257791
1.980000e-05 268391.742328 -31270.862086
1.985000e-05 268908.353400 -31425.875247
1.990000e-05 269384.329193 -31562.491711
1.995000e-05 269706.495844 -31664.756328
2.000000e-05 270091.006730 -31759.485528
2.005000e-05 270321.141147 -31823.855838
2.010000e-05 270636.945474 -31888.123883
2.015000e-05 270976.458623 -31963.674602
2.020000e-05 271355.375413 -32049.572503
2.025000e-05 271730.076156 -32154.321497
2.030000e-05 272179.897548 -32278.411612
2.035000e-05 272638.853116 -32402.761643
2.040000e-05 273012.525649 -32526.305102
2.045000e-05 273511.543392 -32658.887852
2.050000e-05 273932.112514 -32786.223520
2.055000e-05 274334.566165 -32907.389206
2.060000e-05 274719.335973 -33011.148167
2.065000e-05 275020.460093 -33092.817802
2.070000e-05 275354.343525 -33168.256429
2.075000e-05 275653.818926 -33233.558616
2.080000e-05 275980.454651 -33286.955375
2.085000e-05 276294.990378 -33364.076290
2.090000e-05 276619.402315 -33438.555423
2.095000e-05 276915.172555 -33515.419592
2.100000e-05 277135.595388 -33588.579663
2.105000e-05 277451.988606 -33664.250279
2.110000e-05 277700.714718 -33743.652260
2.115000e-05 278043.667638 -33839.913353
2.120000e-05 278376.348516 -33933.826892
2.125000e-05 278647.849965 -34017.526423
2.130000e-05 278901.014519 -34086.038234
2.135000e-05 279077.660058 -34127.312408
2.140000e-05 279317.322503 -34159.871210
2.145000e-05 279460.241565 -34171.926752
