0.000000e+00 0.000000 0.000000
5.000000e-08 969.726747 -134.076139
1.000000e-07 1684.243475 -197.426937
1.500000e-07 2353.843803 -255.643583
2.000000e-07 2988.340209 -312.715858
2.500000e-07 3604.139405 -364.386741
3.000000e-07 4172.029585 -416.702261
3.500000e-07 4570.827720 -457.122103
4.000000e-07 4897.576668 -492.890858
4.500000e-07 5262.393802 -527.825739
5.000000e-07 5620.266798 -564.512537
5.500000e-07 5971.607592 -600.311981
6.000000e-07 6326.034729 -635.357402
6.500000e-07 6638.254003 -665.031824
7.000000e-07 7456.446249 -745.266893
7.500000e-07 8385.542455 -826.908047
8.000000e-07 9163.379565 -892.724257
8.500000e-07 9792.849477 -945.927194
9.000000e-07 10345.779074 -995.669901
9.500000e-07 10871.565024 -1038.937804
1.000000e-06 11435.894396 -1086.917224
1.050000e-06 11993.282228 -1139.031051
1.100000e-06 12619.312679 -1199.726486
1.150000e-06 13340.169090 -1269.872966
1.200000e-06 14110.936707 -1351.138809
1.250000e-06 14896.997822 -1432.499249
1.300000e-06 15598.630625 -1505.599677
1.350000e-06 16202.804609 -1560.941516
1.400000e-06 17124.266625 -1622.629965
1.450000e-06 18228.611575 -1723.104899
1.500000e-06 19039.717371 -1784.793049
1.550000e-06 19775.822563 -1855.129321
1.600000e-06 20429.062846 -1924.360819
1.650000e-06 21099.392638 -1975.350296
1.700000e-06 21951.355362 -2039.947190
1.750000e-06 22851.586887 -2127.336602
1.800000e-06 23737.349836 -2226.825934
1.850000e-06 24632.339845 -2319.228750
1.900000e-06 25477.684686 -2417.468831
1.950000e-06 26289.165405 -2512.472222
2.000000e-06 27102.472217 -2603.823295
2.050000e-06 27710.058610 -2662.126271
2.100000e-06 28297.173016 -2711.225741
2.150000e-06 29316.578241 -2764.565607
2.200000e-06 30189.348759 -2827.487563
2.250000e-06 30969.778860 -2907.990855
2.300000e-06 31769.845752 -2984.497551
2.350000e-06 32658.661186 -3056.586045
2.400000e-06 33786.325107 -3146.628659
2.450000e-06 34946.965190 -3251.027877
2.500000e-06 35917.807840 -3349.753429
2.550000e-06 36883.052666 -3440.588950
2.600000e-06 37786.345589 -3541.086019
2.650000e-06 38680.434849 -3661.848014
2.700000e-06 39501.995165 -3752.782168
2.750000e-06 40076.667331 -3804.556505
2.800000e-06 40399.234101 -3809.708222
2.850000e-06 41234.655160 -3853.540380
2.900000e-06 42196.227487 -3938.398267
2.950000e-06 43108.933256 -4036.612767
3.000000e-06 44059.245564 -4119.657744
3.050000e-06 45028.668630 -4196.086978
3.100000e-06 46161.844696 -4282.082707
3.150000e-06 47308.438155 -4382.035173
3.200000e-06 48100.878459 -4458.459309
3.250000e-06 48911.599568 -4539.154715
3.300000e-06 49722.617585 -4636.963339
3.350000e-06 50557.225896 -4725.200162
3.400000e-06 51346.740489 -4803.537192
3.450000e-06 51960.682426 -4863.459875
3.500000e-06 52368.480075 -4890.757841
3.550000e-06 53443.416485 -4973.915611
3.600000e-06 54567.751699 -5078.158472
3.650000e-06 55657.055066 -5182.862285
3.700000e-06 56783.051488 -5279.257593
3.750000e-06 57789.155329 -5351.898961
3.800000e-06 58800.634544 -5420.034007
3.850000e-06 59785.177226 -5513.920264
3.900000e-06 60593.949619 -5617.351690
3.950000e-06 61401.648849 -5703.407636
4.000000e-06 62214.751400 -5788.118315
4.050000e-06 63089.226697 -5880.161456
4.100000e-06 63965.521582 -5978.097347
4.150000e-06 64691.262574 -6052.572279
4.200000e-06 65790.346452 -6140.312733
4.250000e-06 67052.523870 -6229.260654
4.300000e-06 68203.985419 -6329.640007
4.350000e-06 69196.987814 -6406.614170
4.400000e-06 70141.846337 -6485.019500
4.450000e-06 70941.175528 -6541.554280
4.500000e-06 71717.119771 -6594.245338
4.550000e-06 72578.046825 -6684.314871
4.600000e-06 73449.097848 -6778.266977
4.650000e-06 74331.537220 -6880.073555
4.700000e-06 75169.847954 -6965.951664
4.750000e-06 76024.492952 -7048.783334
4.800000e-06 76818.975711 -7128.093620
4.850000e-06 78275.002195 -7249.855417
4.900000e-06 79438.593748 -7353.598029
4.950000e-06 80345.629492 -7427.316961
5.000000e-06 81123.798133 -7482.825700
5.050000e-06 81816.085348 -7499.293661
5.100000e-06 82576.921101 -7529.416397
5.150000e-06 83295.829314 -7603.235334
5.200000e-06 84183.339455 -7705.572244
5.250000e-06 85160.174361 -7814.683186
5.300000e-06 86111.604882 -7928.075828
5.350000e-06 87033.384115 -8025.965858
5.400000e-06 87904.757830 -8109.451101
5.450000e-06 88639.446183 -8182.903359
5.500000e-06 90048.004901 -8295.627339
5.550000e-06 91257.903031 -8398.414527
5.600000e-06 92030.928738 -8477.024336
5.650000e-06 92613.196521 -8516.105721
5.700000e-06 93272.164138 -8547.860202
5.750000e-06 94009.091826 -8574.091105
5.800000e-06 94909.747049 -8646.609595
5.850000e-06 96012.248292 -8765.265357
5.900000e-06 97126.861541 -8897.675225
5.950000e-06 98161.556383 -9033.458241
6.000000e-06 99064.896841 -9141.131354
6.050000e-06 99897.511512 -9229.151125
6.100000e-06 100804.818806 -9320.141245
6.150000e-06 101974.971830 -9381.056015
6.200000e-06 103035.499785 -9460.524545
6.250000e-06 103835.154470 -9533.584863
6.300000e-06 104535.330152 -9607.087826
6.350000e-06 105234.461478 -9653.837972
6.400000e-06 106005.312092 -9693.974776
6.450000e-06 106901.243325 -9758.101683
6.500000e-06 108003.559740 -9845.213885
6.550000e-06 109090.358755 -9962.052827
6.600000e-06 110027.275953 -10083.265913
6.650000e-06 110816.127252 -10187.789230
6.700000e-06 111457.065501 -10255.495072
6.750000e-06 112049.179479 -10306.203131
6.800000e-06 113257.895357 -10379.357913
6.850000e-06 114156.529442 -10426.655297
6.900000e-06 114820.954931 -10479.756950
6.950000e-06 115429.505518 -10555.334402
7.000000e-06 116119.124284 -10614.203707
7.050000e-06 116902.427531 -10660.861225
7.100000e-06 117802.171729 -10726.788235
7.150000e-06 118760.973474 -10779.002431
7.200000e-06 119750.042027 -10858.987365
7.250000e-06 120583.858158 -10964.224483
7.300000e-06 121289.341246 -11078.044710
7.350000e-06 121891.332112 -11163.416892
7.400000e-06 122397.782675 -11216.537512
7.450000e-06 123008.809365 -11265.906270
7.500000e-06 123842.304703 -11330.146775
7.550000e-06 124534.999532 -11357.709480
7.600000e-06 125199.926496 -11419.417314
7.650000e-06 125991.885171 -11509.853437
7.700000e-06 126776.059298 -11588.129432
7.750000e-06 127674.307281 -11643.833189
7.800000e-06 128586.706217 -11702.878555
7.850000e-06 129452.007372 -11750.335020
7.900000e-06 130215.774060 -11809.013165
7.950000e-06 130892.874426 -11893.241039
8.000000e-06 131575.212046 -11996.983589
8.050000e-06 132249.674049 -12093.711582
8.100000e-06 132848.279896 -12159.469777
8.150000e-06 133357.138085 -12189.069824
8.200000e-06 133861.783882 -12213.593007
8.250000e-06 134798.997803 -12318.830321
8.300000e-06 135739.381371 -12409.828649
8.350000e-06 136551.210722 -12492.054408
8.400000e-06 137304.300631 -12554.597026
8.450000e-06 138055.554416 -12583.996299
8.500000e-06 138820.955673 -12612.730162
8.550000e-06 139419.385525 -12648.656578
8.600000e-06 139981.531457 -12689.003484
8.650000e-06 140612.073498 -12752.401365
8.700000e-06 141393.067514 -12849.556000
8.750000e-06 142157.059912 -12944.207002
8.800000e-06 142791.716096 -13010.540379
8.850000e-06 143314.309365 -13058.439461
8.900000e-06 143793.213664 -13101.365686
8.950000e-06 144410.549171 -13176.882842
9.000000e-06 144960.177137 -13265.855987
9.050000e-06 145719.904233 -13320.753326
9.100000e-06 146282.951542 -13326.677390
9.150000e-06 146829.384525 -13327.214808
9.200000e-06 147363.922639 -13352.699855
9.250000e-06 147856.320650 -13392.530124
9.300000e-06 148285.196906 -13440.497758
9.350000e-06 148918.921342 -13505.753110
9.400000e-06 149642.283239 -13571.859411
9.450000e-06 150408.594200 -13649.562144
9.500000e-06 151055.644671 -13727.850917
9.550000e-06 151616.676690 -13793.130087
9.600000e-06 152226.418481 -13862.518427
9.650000e-06 152672.988092 -13919.172746
9.700000e-06 153089.482438 -13969.264212
9.750000e-06 153541.500565 -14016.318761
9.800000e-06 154014.266397 -14029.996272
9.850000e-06 154676.288512 -14046.641777
9.900000e-06 155295.555120 -14062.532975
9.950000e-06 155948.448336 -14126.751166
1.000000e-05 156661.063387 -14228.076328
1.005000e-05 157170.079766 -14285.839612
1.010000e-05 157725.127384 -14322.091482
1.015000e-05 158291.964594 -14359.029226
1.020000e-05 159013.541506 -14414.749083
1.025000e-05 159728.242862 -14506.915985
1.030000e-05 160364.697269 -14597.426924
1.035000e-05 160997.124718 -14682.943662
1.040000e-05 161496.759598 -14726.051064
1.045000e-05 162054.376636 -14763.190165
1.050000e-05 162562.426035 -14803.471845
1.055000e-05 163055.617822 -14816.587788
1.060000e-05 163682.391957 -14848.608294
1.065000e-05 164449.566847 -14897.288342
1.070000e-05 165074.273833 -14953.275477
1.075000e-05 165535.645636 -15016.736089
1.080000e-05 165880.264611 -15059.943391
1.085000e-05 166521.734149 -15122.141305
1.090000e-05 167108.086725 -15179.891164
1.095000e-05 167769.167574 -15251.719093
1.100000e-05 168409.610133 -15323.485088
1.105000e-05 169070.790029 -15382.701220
1.110000e-05 169775.667661 -15442.400180
1.115000e-05 170211.889317 -15467.149199
1.120000e-05 170643.404405 -15498.630102
1.125000e-05 171077.206885 -15521.920078
1.130000e-05 171554.186479 -15563.787574
1.135000e-05 172162.438054 -15631.552550
1.140000e-05 172815.726090 -15678.564207
1.145000e-05 173314.232455 -15705.027314
1.150000e-05 173917.049167 -15762.011073
1.155000e-05 174490.981966 -15835.152730
1.160000e-05 175204.213809 -15923.907341
1.165000e-05 175711.820904 -15991.129911
1.170000e-05 176313.222163 -16051.021006
1.175000e-05 177037.649743 -16120.878170
1.180000e-05 177724.387316 -16170.601388
1.185000e-05 178323.061049 -16218.421624
1.190000e-05 178851.518622 -16262.276575
1.195000e-05 179349.223806 -16297.230304
1.200000e-05 180016.406103 -16372.340342
1.205000e-05 180550.290911 -16419.549902
1.210000e-05 181218.878043 -16487.065799
1.215000e-05 181983.190939 -16571.908472
1.220000e-05 182773.852632 -16640.183602
1.225000e-05 183530.759396 -16738.900184
1.230000e-05 184174.909176 -16836.014422
1.235000e-05 184902.813605 -16920.896419
1.240000e-05 185508.164136 -16988.492005
1.245000e-05 186130.796772 -17037.084017
1.250000e-05 186777.611082 -17092.930708
1.255000e-05 187373.801637 -17118.764757
1.260000e-05 188178.323911 -17175.737365
1.265000e-05 188889.011450 -17231.179094
1.270000e-05 189426.259874 -17261.594979
1.275000e-05 189900.104798 -17296.016677
1.280000e-05 190441.378732 -17343.700771
1.285000e-05 191092.773494 -17408.113660
1.290000e-05 191673.960138 -17474.976950
1.295000e-05 192199.573070 -17520.619694
1.300000e-05 192861.867812 -17592.039568
1.305000e-05 193431.273505 -17679.612495
1.310000e-05 193928.371214 -17746.158309
1.315000e-05 194324.227613 -17782.247252
1.320000e-05 195078.926098 -17868.248856
1.325000e-05 195793.025716 -17949.709822
1.330000e-05 196419.031208 -18034.956787
1.335000e-05 196922.846127 -18122.979864
1.340000e-05 197326.859485 -18188.460731
1.345000e-05 197760.016681 -18277.643825
1.350000e-05 198215.775407 -18370.543673
1.355000e-05 198697.715317 -18457.053729
1.360000e-05 199305.942509 -18573.613985
1.365000e-05 199862.792297 -18684.832203
1.370000e-05 200490.738447 -18802.969608
1.375000e-05 201091.632811 -18917.391564
1.380000e-05 201472.301540 -18992.836427
1.385000e-05 201884.147111 -19052.702268
1.390000e-05 202390.633524 -19117.258181
1.395000e-05 202884.660056 -19166.226370
1.400000e-05 203247.276276 -19204.158902
1.405000e-05 203612.261986 -19263.533597
1.410000e-05 203980.181478 -19322.439237
1.415000e-05 204546.432701 -19400.536804
1.420000e-05 205047.097435 -19493.296006
1.425000e-05 205532.397939 -19589.044536
1.430000e-05 205980.510596 -19674.418254
1.435000e-05 206465.097074 -19769.265344
1.440000e-05 206917.773280 -19859.853337
1.445000e-05 207298.143144 -19939.005592
1.450000e-05 207576.631959 -19987.047948
1.455000e-05 207928.730301 -20018.057622
1.460000e-05 208194.494156 -19374.270386
1.465000e-05 208230.186961 -19387.269559
1.470000e-05 208485.230056 -19326.526567
1.475000e-05 208816.123135 -19247.604420
1.480000e-05 209275.994570 -19224.271770
1.485000e-05 209539.970410 -19224.381421
