0.000000e+00 0.000000 0.000000
7.999858e-07 163356.176385 -49531.254948
1.599972e-06 186215.466061 -52457.018990
2.399957e-06 195605.598494 -61906.393693
3.199943e-06 199738.477052 -54088.384111
3.999929e-06 199563.376270 -61099.445728
4.799915e-06 193032.991820 -54312.942647
5.599901e-06 191151.402167 -20773.839871
6.399886e-06 178513.428149 -60439.071296
7.199872e-06 163691.657702 -55169.632229
7.999858e-06 156995.966845 -44818.202375
8.799844e-06 151445.785410 -45611.362575
9.599830e-06 142089.710846 -39158.017670
1.039982e-05 138557.117683 -31132.500412
1.119980e-05 145782.967701 -38729.757297
1.199979e-05 155591.536058 -48894.376804
1.279977e-05 163541.874024 -45575.878645
1.359976e-05 172359.446589 -42723.989399
1.439974e-05 176724.875562 -39647.233488
1.519973e-05 179162.539630 -37399.759225
1.599972e-05 175021.932923 -28749.713534
1.679970e-05 173817.608607 -38098.001382
1.759969e-05 173419.355927 -40321.456338
1.839967e-05 171299.425807 -47741.435972
1.919966e-05 159953.671952 -45271.139798
1.999965e-05 146545.404584 -46051.866951
2.079963e-05 143749.965584 -33314.759151
2.159962e-05 138885.520214 -34234.763014
2.239960e-05 143801.920244 -13030.809923
2.319959e-05 152735.646323 -30033.158416
2.399957e-05 152227.546578 -26976.366898
2.479956e-05 163313.197781 -33693.735969
2.559955e-05 160871.067504 -21558.082155
2.639953e-05 161527.823173 -23971.243727
2.719952e-05 161222.064665 -30041.893353
2.799950e-05 169797.205151 -37332.913878
2.879949e-05 172561.480528 -49894.641709
2.959947e-05 163183.243296 -54574.679590
3.039946e-05 163475.363728 -46187.191614
3.119945e-05 156576.572731 -43674.381658
3.199943e-05 157320.508727 -38817.865159
3.279942e-05 157361.605854 -26907.920070
3.359940e-05 152388.695498 -27303.620565
3.439939e-05 156141.172985 -26945.394341
3.519938e-05 165169.005568 -16477.987957
3.599936e-05 170551.778364 -39040.122096
3.679935e-05 168675.125150 -39185.667870
3.759933e-05 170683.491629 -32475.425561
3.839932e-05 173047.803771 -36273.051182
3.919930e-05 174093.767245 -39853.361650
3.999929e-05 160429.324058 -47456.353743
4.079928e-05 157568.504363 -36047.833427
4.159926e-05 158593.796072 -40059.622147
4.239925e-05 152894.521475 -38599.407727
4.319923e-05 165659.297773 -22203.283904
4.399922e-05 175163.310857 -22656.800545
4.479921e-05 162241.995616 -35074.338978
4.559919e-05 170975.995398 -26373.786220
4.639918e-05 178968.302648 -36322.772248
4.719916e-05 175432.043453 -24567.191938
4.799915e-05 178295.106705 -38448.608483
4.879913e-05 173318.188430 -21935.682965
4.959912e-05 169825.348768 -39817.468813
5.039911e-05 168473.247827 -48410.580511
5.119909e-05 147546.484788 -36657.206292
5.199908e-05 141627.810891 -33177.247465
5.279906e-05 149211.237506 -35373.491926
5.359905e-05 158853.580584 -33990.283636
5.439903e-05 165353.641976 -22490.133893
5.519902e-05 163375.924643 -27428.041579
5.599901e-05 170287.125387 -25820.445566
5.679899e-05 175836.181066 -35827.226454
5.759898e-05 184964.728044 -35666.878672
5.839896e-05 182500.148231 -31314.830905
5.919895e-05 179721.683555 -15500.395416
5.999894e-05 177089.053402 -43127.419851
6.079892e-05 182656.249199 -44545.262782
6.159891e-05 174379.726769 -48259.590261
6.239889e-05 160082.311763 -41418.222708
6.319888e-05 147922.281656 -35455.920232
6.399886e-05 149106.740083 -23765.135369
6.479885e-05 154621.794658 -32616.126368
6.559884e-05 156740.198512 -20279.959418
6.639882e-05 154778.955661 -19033.636439
6.719881e-05 166183.190856 -29766.088162
6.799879e-05 172989.885782 -30407.531875
6.879878e-05 171207.386642 -30423.945693
6.959877e-05 168895.908754 -35127.255671
7.039875e-05 171662.715314 -33569.309727
7.119874e-05 173837.235154 -50296.073192
7.199872e-05 170818.504898 -45153.437598
7.279871e-05 150337.138549 -48001.505288
7.359869e-05 148936.230640 -24305.628032
7.439868e-05 150032.676317 -35833.107283
7.519867e-05 165031.440355 -38426.811897
7.599865e-05 156112.270265 -22798.331025
7.679864e-05 163170.648078 -22117.525164
7.759862e-05 164496.642152 -5427.658713
7.839861e-05 168876.433294 -16228.118574
7.919860e-05 176812.575298 -45313.160153
7.999858e-05 177924.931616 -47067.378944
8.079857e-05 173254.823201 -33095.568587
8.159855e-05 159703.441536 -20543.363078
8.239854e-05 154212.295183 -35515.400342
8.319852e-05 145925.926033 -38472.413313
8.399851e-05 151352.698786 -39856.840227
8.479850e-05 155220.801900 -17455.365323
8.559848e-05 156622.985497 -33395.522444
8.639847e-05 168691.652184 -32302.425055
8.719845e-05 165821.845220 -15117.657690
8.799844e-05 165244.086885 -36199.222394
8.879842e-05 169869.080490 -29803.934181
8.959841e-05 177854.292097 -37776.985331
9.039840e-05 174069.330153 -49109.055553
9.119838e-05 162502.151527 -33391.937599
9.199837e-05 149587.588217 -36067.466403
9.279835e-05 151057.962737 -40145.417569
9.359834e-05 158788.428636 -44960.307131
9.439833e-05 149734.532060 -32067.163743
9.519831e-05 150168.829253 -30203.648458
9.599830e-05 155931.207864 -33093.764574
9.679828e-05 166849.205493 -34912.947926
9.759827e-05 168547.782334 -40085.472234
9.839825e-05 168801.920449 -31501.068443
9.919824e-05 172149.824218 -43868.300297
9.999823e-05 171161.822605 -41052.385275
1.007982e-04 171908.673125 -41734.857811
1.015982e-04 158380.006227 -30550.576161
1.023982e-04 143477.041672 -39256.211399
1.031982e-04 146219.384351 -32569.249552
1.039982e-04 147555.417982 -35892.949400
1.047981e-04 137506.153328 -32374.405849
1.055981e-04 141819.782310 -29153.996619
1.063981e-04 151919.812683 -18777.088141
1.071981e-04 156961.631363 -23212.696763
1.079981e-04 162754.899655 -31126.295921
1.087981e-04 164429.387068 -23398.561231
1.095981e-04 168487.028574 -32005.778401
1.103980e-04 168584.711084 -28728.259608
1.111980e-04 169437.954803 -33333.236014
1.119980e-04 153731.239477 -29092.368284
1.127980e-04 145319.803539 -22647.469274
1.135980e-04 147031.298873 -35661.689395
1.143980e-04 145832.595613 -36972.500869
1.151980e-04 150193.318835 -34668.351628
1.159979e-04 148581.607628 -36662.436403
1.167979e-04 151894.029053 -28207.475974
1.175979e-04 155661.598358 -30490.709584
1.183979e-04 160617.453320 -23217.176700
1.191979e-04 164106.806031 -30806.352328
1.199979e-04 168236.173181 -15642.423639
