0.000000e+00 0.000000 0.000000
3.503398e-06 196120.567051 -36764.981012
7.006796e-06 231080.332495 -85805.862445
1.051019e-05 217762.412575 -101827.575371
1.401359e-05 206104.310395 -125792.362475
1.751699e-05 211320.125524 -138926.221390
2.102039e-05 212242.162941 -134401.875172
2.452379e-05 207520.614920 -142422.177053
2.802719e-05 201349.781162 -133990.715989
3.153058e-05 211854.371518 -147813.811639
3.503398e-05 199077.823087 -153272.506681
3.853738e-05 207935.987904 -157808.040532
4.204078e-05 211873.724447 -144097.448116
4.554418e-05 186935.021988 -135843.319850
4.904757e-05 208881.244279 -146644.182348
5.255097e-05 224708.364936 -130294.212469
5.605437e-05 206845.272357 -117136.077317
5.955777e-05 153795.894940 -127413.466057
6.306117e-05 170899.230548 -126547.039103
6.656457e-05 208563.589500 -124905.118453
7.006796e-05 149393.880730 -124670.920599
