0.000000e+00 0.000000 0.000000
1.500000e-08 403.782588 -84.126442
3.000000e-08 652.698452 -106.800168
4.500000e-08 879.103075 -124.681171
6.000000e-08 1053.178269 -136.590369
7.500000e-08 1172.649023 -146.928776
9.000000e-08 1220.923312 -147.361253
1.050000e-07 1248.896863 -144.921003
1.200000e-07 1275.766748 -142.796856
1.350000e-07 1288.469831 -142.845332
1.500000e-07 1295.154764 -142.654863
1.650000e-07 1303.682761 -141.190639
1.800000e-07 1331.536529 -142.095652
1.950000e-07 1371.507004 -146.293403
2.100000e-07 1420.297859 -153.472939
2.250000e-07 1479.952274 -160.458627
2.400000e-07 1546.656252 -167.628289
2.550000e-07 1615.293434 -175.855366
2.700000e-07 1685.030994 -183.571541
2.850000e-07 1751.297008 -189.381967
3.000000e-07 1817.359239 -194.663986
3.150000e-07 1879.902936 -199.655077
3.300000e-07 1940.053812 -203.947834
3.450000e-07 2003.755531 -207.909758
3.600000e-07 2069.639206 -211.952065
3.750000e-07 2137.681342 -216.153726
3.900000e-07 2209.077375 -220.906902
4.050000e-07 2279.474612 -226.341465
4.200000e-07 2354.892614 -233.097386
4.350000e-07 2427.827478 -240.211368
4.500000e-07 2500.757249 -247.454483
4.650000e-07 2572.575013 -254.313379
4.800000e-07 2653.155111 -261.961572
4.950000e-07 2737.889593 -270.083655
5.100000e-07 2827.427549 -278.513721
5.250000e-07 2924.577850 -288.027727
5.400000e-07 3021.223044 -297.320715
5.550000e-07 3118.952530 -306.371317
5.700000e-07 3214.181988 -314.891841
5.850000e-07 3302.177420 -322.421400
6.000000e-07 3390.231288 -329.697565
6.150000e-07 3473.963376 -336.362586
6.300000e-07 3553.756695 -342.582625
6.450000e-07 3632.305143 -349.050051
6.600000e-07 3707.078650 -355.494630
6.750000e-07 3779.231193 -362.203971
6.900000e-07 3852.943679 -369.204618
7.050000e-07 3916.996680 -375.682158
7.200000e-07 3981.379955 -381.950010
7.350000e-07 4040.415007 -387.675175
7.500000e-07 4098.157063 -393.375738
7.650000e-07 4155.603534 -398.531896
7.800000e-07 4212.789491 -404.033178
7.950000e-07 4269.112802 -409.776889
8.100000e-07 4325.102381 -415.549262
8.250000e-07 4381.328613 -421.116203
8.400000e-07 4432.070139 -426.279833
8.550000e-07 4483.573946 -431.362319
8.700000e-07 4532.368633 -435.942548
8.850000e-07 4577.783721 -439.953228
9.000000e-07 4625.242293 -444.029310
9.150000e-07 4668.807518 -448.003152
9.300000e-07 4716.771091 -452.586986
9.450000e-07 4762.123226 -457.166197
9.600000e-07 4809.545064 -461.846801
9.750000e-07 4861.058607 -466.892392
9.900000e-07 4910.788726 -472.028188
1.005000e-06 4960.984885 -477.001522
1.020000e-06 5012.044319 -481.519729
1.035000e-06 5062.264247 -486.095197
1.050000e-06 5113.412025 -490.638240
1.065000e-06 5165.682851 -495.717511
1.080000e-06 5214.299855 -500.045825
1.095000e-06 5266.282115 -504.859320
1.110000e-06 5317.288271 -509.631074
1.125000e-06 5367.736258 -514.318655
1.140000e-06 5419.392018 -518.966069
1.155000e-06 5469.244719 -523.212047
1.170000e-06 5520.426353 -527.615047
1.185000e-06 5571.494325 -532.010590
1.200000e-06 5623.329014 -536.561202
1.215000e-06 5672.529670 -540.874096
1.230000e-06 5725.288475 -545.736142
1.245000e-06 5777.236141 -550.620080
1.260000e-06 5830.222009 -555.409856
1.275000e-06 5886.458420 -560.566944
1.290000e-06 5941.951070 -565.703167
1.305000e-06 5999.262724 -570.876702
1.320000e-06 6054.656677 -575.730858
1.335000e-06 6106.362397 -580.118157
1.350000e-06 6158.487105 -584.789365
1.365000e-06 6205.457234 -588.925790
1.380000e-06 6250.539303 -592.952819
1.395000e-06 6290.836166 -596.493931
1.410000e-06 6328.797077 -599.865132
1.425000e-06 6474.802545 -618.510806
1.440000e-06 6680.007346 -640.308723
1.455000e-06 6826.182412 -655.842169
1.470000e-06 6940.092809 -663.317343
1.485000e-06 7019.469733 -667.505084
1.500000e-06 7058.727223 -668.364657
1.515000e-06 7081.728402 -664.890873
1.530000e-06 7123.277101 -663.647531
1.545000e-06 7170.477751 -665.729748
1.560000e-06 7225.748794 -670.653715
1.575000e-06 7283.091873 -675.050166
1.590000e-06 7349.299387 -680.547444
1.605000e-06 7416.889263 -687.372819
1.620000e-06 7487.976018 -695.532213
1.635000e-06 7559.296035 -703.856598
1.650000e-06 7629.845597 -710.513415
1.665000e-06 7704.860222 -718.158135
1.680000e-06 7780.035282 -725.400000
1.695000e-06 7865.998983 -731.784421
1.710000e-06 7951.331415 -736.990375
1.725000e-06 8040.256981 -742.237466
1.740000e-06 8127.386183 -747.930097
1.755000e-06 8211.405062 -752.277634
1.770000e-06 8297.713572 -756.921861
1.785000e-06 8391.754586 -763.604159
1.800000e-06 8483.379019 -771.265500
1.815000e-06 8572.356329 -779.124355
1.830000e-06 8659.134847 -787.434036
1.845000e-06 8742.613933 -796.461391
1.860000e-06 8821.692962 -804.794089
1.875000e-06 8897.237730 -812.258104
1.890000e-06 8973.234694 -819.544233
1.905000e-06 9057.404351 -828.055995
1.920000e-06 9134.232827 -835.466791
1.935000e-06 9211.313601 -842.870680
1.950000e-06 9286.052382 -850.245556
1.965000e-06 9358.509271 -856.496455
1.980000e-06 9430.188493 -862.684561
1.995000e-06 9503.525523 -868.432189
2.010000e-06 9578.919418 -874.485012
2.025000e-06 9651.742873 -879.831760
2.040000e-06 9720.782233 -884.820931
2.055000e-06 9795.584236 -890.440939
2.070000e-06 9861.617894 -895.395535
2.085000e-06 9924.659677 -900.214367
2.100000e-06 9982.979233 -904.651188
2.115000e-06 10040.861890 -908.803830
2.130000e-06 10096.197125 -912.909214
2.145000e-06 10146.587025 -915.862397
2.160000e-06 10194.874140 -918.605503
2.175000e-06 10240.289132 -920.794458
2.190000e-06 10282.489027 -922.413955
2.205000e-06 10327.825320 -925.219185
2.220000e-06 10375.314131 -929.049262
2.235000e-06 10425.990941 -933.751417
2.250000e-06 10478.061953 -939.404588
2.265000e-06 10532.376873 -945.150947
2.280000e-06 10580.094877 -950.000767
2.295000e-06 10624.328365 -954.339946
