0.000000e+00 0.000000 0.000000
1.500000e-08 403.782588 -84.126442
3.000000e-08 652.895307 -106.835047
4.500000e-08 891.006895 -127.089871
6.000000e-08 1115.489873 -147.152079
7.500000e-08 1335.423411 -167.039778
9.000000e-08 1544.971603 -185.019781
1.050000e-07 1753.402151 -203.622494
1.200000e-07 1956.672289 -221.370423
1.350000e-07 2154.719202 -238.600100
1.500000e-07 2353.734319 -255.908638
1.650000e-07 2545.494720 -272.863744
1.800000e-07 2737.305747 -290.380481
1.950000e-07 2926.632452 -307.665103
2.100000e-07 3113.194278 -323.849482
2.250000e-07 3299.179261 -339.164601
2.400000e-07 3481.810696 -354.121392
2.550000e-07 3663.228154 -369.054196
2.700000e-07 3847.108517 -384.433994
2.850000e-07 4019.160442 -400.087690
3.000000e-07 4171.152789 -416.445735
3.150000e-07 4301.701233 -430.255094
3.300000e-07 4417.835412 -441.635130
3.450000e-07 4527.355900 -451.990646
3.600000e-07 4626.579747 -461.216464
3.750000e-07 4718.468848 -470.363131
3.900000e-07 4811.662268 -480.988444
4.050000e-07 4907.388520 -492.135376
4.200000e-07 5014.251664 -503.007617
4.350000e-07 5121.996485 -512.374584
4.500000e-07 5227.043671 -521.181757
4.650000e-07 5325.002358 -530.157001
4.800000e-07 5426.801706 -540.273967
4.950000e-07 5527.162450 -550.376122
5.100000e-07 5625.008212 -559.936735
5.250000e-07 5724.371010 -570.068104
5.400000e-07 5820.820620 -579.714200
5.550000e-07 5919.612228 -589.164408
5.700000e-07 6019.258561 -598.720793
5.850000e-07 6116.331553 -608.164797
