0.000000e+00 0.000000 0.000000
3.999473e-06 0.000000 0.000000
7.998946e-06 0.000000 0.000000
1.199842e-05 0.000000 0.000000
1.599789e-05 0.000000 0.000000
1.999737e-05 0.000000 0.000000
2.399684e-05 0.000000 0.000000
2.799631e-05 0.000000 0.000000
3.199578e-05 0.000000 0.000000
3.599526e-05 0.000000 0.000000
3.999473e-05 0.000000 0.000000
4.399420e-05 0.000000 0.000000
4.799368e-05 0.000000 0.000000
5.199315e-05 0.000000 0.000000
5.599262e-05 0.000000 0.000000
5.999210e-05 0.000000 0.000000
6.399157e-05 0.000000 0.000000
6.799104e-05 0.000000 0.000000
7.199052e-05 0.000000 0.000000
7.598999e-05 0.000000 0.000000
7.998946e-05 0.000000 0.000000
8.398893e-05 21903.393197 -6875.094322
8.798841e-05 97286.155191 -31515.012130
9.198788e-05 157383.366101 -52016.501712
9.598735e-05 226040.788559 -72870.072601
9.998683e-05 284097.036017 -86465.716399
1.039863e-04 308493.083165 -95926.404775
1.079858e-04 332863.065422 -89078.934170
1.119852e-04 358123.034073 -118205.691350
1.159847e-04 378965.584079 -132359.535034
1.199842e-04 387088.677390 -141475.454171
1.239837e-04 397209.832394 -155459.507690
1.279831e-04 411395.421699 -161416.997568
1.319826e-04 412464.972394 -166487.127228
1.359821e-04 407193.754169 -162974.843842
1.399816e-04 406867.036863 -153936.200089
1.439810e-04 402173.371607 -151780.140779
1.479805e-04 399195.481880 -146374.392014
1.519800e-04 413703.490965 -161862.066799
1.559794e-04 422556.249191 -171443.171668
1.599789e-04 411371.096837 -160737.045830
1.639784e-04 411279.981963 -161741.907652
1.679779e-04 410526.261664 -169542.882425
1.719773e-04 416720.785945 -190998.298996
1.759768e-04 397300.059537 -181676.402449
1.799763e-04 397592.691498 -194977.134712
1.839758e-04 408356.178651 -198791.146798
1.879752e-04 405366.016307 -192182.839568
1.919747e-04 393634.081682 -182804.874895
1.959742e-04 382297.383031 -186043.010642
1.999737e-04 396955.934944 -204207.243851
2.039731e-04 382762.043652 -196135.309288
2.079726e-04 377988.129861 -192008.902762
2.119721e-04 377714.623850 -197828.220484
2.159715e-04 365065.460721 -194353.296541
2.199710e-04 361684.759300 -175608.324858
2.239705e-04 359203.903419 -178516.059596
2.279700e-04 369790.121931 -180973.856271
2.319694e-04 353602.250448 -183548.574232
2.359689e-04 372534.979417 -193931.104673
2.399684e-04 365113.745114 -187551.440624
2.439679e-04 372462.125548 -185498.760146
2.479673e-04 363910.530363 -175136.613489
2.519668e-04 369500.699363 -168531.923660
2.559663e-04 380542.832872 -169456.201859
2.599657e-04 397889.267745 -175971.582127
2.639652e-04 389502.689838 -173208.204572
2.679647e-04 392981.953016 -174934.858667
2.719642e-04 393918.938458 -169448.430136
2.759636e-04 388820.428787 -158878.421278
2.799631e-04 396333.634291 -158156.115459
2.839626e-04 407146.915581 -162217.889929
2.879621e-04 404338.465754 -156009.457767
2.919615e-04 396238.932521 -153792.044185
2.959610e-04 412727.473487 -166200.172178
2.999605e-04 412510.644470 -142349.247549
3.039600e-04 402085.814910 -145361.743618
3.079594e-04 397655.864197 -143489.348773
3.119589e-04 402890.602646 -149048.512362
3.159584e-04 397228.794573 -155736.435096
3.199578e-04 387555.011369 -142996.563387
3.239573e-04 394569.799045 -144058.496634
3.279568e-04 390940.741652 -152983.431014
3.319563e-04 395272.794155 -145625.479220
3.359557e-04 378708.860805 -158462.848802
3.399552e-04 388738.860274 -160010.207117
3.439547e-04 392351.501313 -161105.990061
3.479542e-04 375222.675573 -149322.006636
3.519536e-04 371676.908742 -152453.597795
3.559531e-04 379261.113059 -169411.715036
3.599526e-04 356966.004749 -165551.870418
3.639520e-04 356904.405319 -166320.414867
3.679515e-04 357891.096598 -166630.883792
3.719510e-04 369990.220798 -172410.740391
3.759505e-04 355537.080688 -161783.061529
3.799499e-04 364177.097076 -169928.632356
3.839494e-04 371371.025962 -164410.111804
3.879489e-04 377193.926845 -154689.992862
3.919484e-04 361860.722160 -152903.181505
3.959478e-04 384465.853985 -166033.126257
3.999473e-04 393496.793009 -174619.583472
4.039468e-04 382318.676266 -155070.398698
4.079463e-04 385994.629770 -153459.955812
4.119457e-04 391788.433412 -159929.088958
4.159452e-04 394796.500694 -154866.164585
4.199447e-04 395479.042299 -147003.898715
4.239441e-04 400325.466436 -150909.249459
4.279436e-04 406606.999458 -152965.109301
4.319431e-04 407004.734864 -161549.031483
4.359426e-04 404387.518112 -157758.290652
4.399420e-04 411289.169106 -154562.548354
4.439415e-04 412199.585996 -168239.427273
4.479410e-04 417528.153619 -175951.967996
4.519405e-04 409803.487270 -144530.689445
4.559399e-04 408986.247674 -159257.039870
4.599394e-04 403954.588915 -157722.052968
4.639389e-04 413421.496298 -173949.782184
4.679383e-04 405523.455149 -173338.549928
4.719378e-04 413701.409152 -159862.241965
4.759373e-04 421590.319354 -175525.488885
4.799368e-04 413261.499582 -178045.525332
4.839362e-04 411583.508466 -144467.984033
4.879357e-04 408891.473069 -161272.647615
4.919352e-04 404374.520533 -165704.666288
4.959347e-04 399263.005590 -163418.968430
4.999341e-04 410001.557698 -165303.377391
5.039336e-04 398480.484799 -142756.517746
5.079331e-04 409847.132066 -156592.730158
5.119326e-04 399237.345347 -151977.900712
5.159320e-04 414549.335662 -166669.579114
5.199315e-04 397095.998382 -155597.520213
5.239310e-04 397125.609169 -177264.946360
5.279304e-04 393876.963160 -170779.792900
5.319299e-04 385121.212543 -171012.261894
5.359294e-04 374752.213429 -170369.938767
5.399289e-04 371154.597587 -168313.772856
5.439283e-04 373287.646911 -158709.345714
5.479278e-04 371812.023282 -165153.340909
5.519273e-04 359112.120958 -166048.671026
5.559268e-04 360359.033016 -168710.696957
5.599262e-04 357898.036049 -165458.728502
5.639257e-04 356258.896496 -152137.693894
5.679252e-04 373423.831952 -169390.152435
5.719246e-04 357659.147677 -156365.425681
5.759241e-04 361458.225270 -159657.627599
5.799236e-04 373069.093327 -155567.806432
5.839231e-04 380011.223557 -164156.291602
5.879225e-04 380897.380827 -161689.302141
5.919220e-04 390373.110209 -161100.933554
5.959215e-04 400641.653947 -152161.304776
5.999210e-04 407473.453472 -152491.194209
