0.000000e+00 0.000000 0.000000
1.500000e-08 403.782588 -84.126442
3.000000e-08 652.895307 -106.835047
4.500000e-08 891.006895 -127.089871
6.000000e-08 1115.490044 -147.152157
7.500000e-08 1335.452527 -167.054307
9.000000e-08 1545.269584 -185.205935
1.050000e-07 1753.635468 -203.882252
1.200000e-07 1956.516842 -221.171444
1.350000e-07 2155.589678 -238.444411
1.500000e-07 2356.183442 -255.939903
1.650000e-07 2549.632903 -272.992162
1.800000e-07 2741.678692 -290.625987
1.950000e-07 2930.538610 -308.021510
2.100000e-07 3118.862532 -324.828431
2.250000e-07 3307.559072 -340.096085
2.400000e-07 3490.783807 -354.579394
2.550000e-07 3671.712013 -369.573292
2.700000e-07 3855.471398 -385.170251
2.850000e-07 4026.315285 -400.525938
3.000000e-07 4177.001988 -416.871597
3.150000e-07 4307.431016 -430.918304
3.300000e-07 4424.003508 -442.368604
3.450000e-07 4534.458058 -452.901557
3.600000e-07 4636.218997 -462.547359
3.750000e-07 4731.234167 -471.772430
3.900000e-07 4826.430365 -481.870799
4.050000e-07 4921.622188 -492.393947
4.200000e-07 5025.227593 -503.326132
4.350000e-07 5129.794904 -513.513383
4.500000e-07 5234.919871 -522.928589
4.650000e-07 5335.020372 -531.540593
4.800000e-07 5437.534290 -540.862274
4.950000e-07 5536.758358 -550.773082
5.100000e-07 5633.697955 -560.650926
5.250000e-07 5732.950965 -570.854341
5.400000e-07 5828.920482 -580.249340
5.550000e-07 5926.374255 -589.483999
5.700000e-07 6024.127588 -598.866541
5.850000e-07 6118.913977 -608.027773
6.000000e-07 6218.306475 -617.733848
6.150000e-07 6315.896338 -627.201909
6.300000e-07 6408.569632 -635.861080
6.450000e-07 6495.569993 -643.959790
6.600000e-07 6573.774226 -651.052827
6.750000e-07 6645.157845 -657.441487
6.900000e-07 6715.819862 -663.403318
7.050000e-07 7059.297322 -696.822551
7.200000e-07 7373.382859 -727.342487
7.350000e-07 7639.688703 -751.222043
7.500000e-07 7884.571306 -770.596883
7.650000e-07 8118.374394 -789.445508
7.800000e-07 8341.629769 -807.821973
7.950000e-07 8548.528124 -824.815865
8.100000e-07 8737.988254 -840.148210
8.250000e-07 8917.090372 -854.065591
8.400000e-07 9082.389977 -867.837166
8.550000e-07 9240.546166 -881.313687
8.700000e-07 9390.235545 -895.203776
8.850000e-07 9529.850366 -908.463913
9.000000e-07 9668.616384 -921.465559
9.150000e-07 9804.978189 -932.414150
9.300000e-07 9936.993359 -942.445960
9.450000e-07 10067.403755 -953.618457
9.600000e-07 10203.907361 -965.227115
9.750000e-07 10340.744046 -976.081179
9.900000e-07 10480.123742 -987.895029
1.005000e-06 10617.684019 -999.227861
1.020000e-06 10754.894567 -1008.726800
1.035000e-06 10885.569084 -1017.995613
1.050000e-06 11015.389410 -1027.621364
1.065000e-06 11144.377851 -1038.581814
1.080000e-06 11275.509460 -1050.358092
1.095000e-06 11418.078421 -1063.870436
1.110000e-06 11574.793483 -1078.536625
1.125000e-06 11740.161856 -1092.863827
1.140000e-06 11913.089019 -1106.634261
1.155000e-06 12088.747886 -1120.734550
1.170000e-06 12265.382333 -1135.826768
1.185000e-06 12445.140684 -1152.722671
1.200000e-06 12630.034236 -1170.713291
1.215000e-06 12808.921987 -1190.243391
1.230000e-06 12989.042879 -1208.045867
1.245000e-06 13160.877147 -1224.205163
1.260000e-06 13330.909869 -1240.012718
1.275000e-06 13502.322665 -1256.206816
1.290000e-06 13673.547617 -1272.466803
1.305000e-06 13844.486315 -1288.545761
1.320000e-06 14009.137666 -1303.235598
1.335000e-06 14163.514690 -1315.881873
1.350000e-06 14312.680785 -1327.782700
1.365000e-06 14445.024552 -1337.433848
1.380000e-06 14562.528918 -1345.709951
1.395000e-06 14665.234748 -1352.537204
1.410000e-06 14753.969908 -1357.646256
1.425000e-06 14828.603436 -1361.362184
1.440000e-06 14896.281381 -1363.736403
1.455000e-06 14947.795457 -1363.800715
1.470000e-06 14988.191591 -1361.680258
1.485000e-06 15020.409809 -1359.488160
1.500000e-06 15049.872490 -1357.445221
1.515000e-06 15073.475343 -1356.490903
1.530000e-06 15100.612229 -1358.553553
1.545000e-06 15117.593818 -1360.913655
1.560000e-06 15132.595222 -1363.092254
1.575000e-06 15138.665855 -1363.210240
1.590000e-06 15143.428379 -1361.638331
1.605000e-06 15147.395973 -1358.871711
1.620000e-06 15160.560207 -1357.057837
1.635000e-06 15178.542611 -1356.691902
1.650000e-06 15196.038044 -1356.025849
1.665000e-06 15227.358827 -1357.552269
1.680000e-06 15268.613112 -1361.536991
1.695000e-06 15326.513561 -1367.814799
1.710000e-06 15384.894953 -1373.217373
1.725000e-06 15449.160982 -1378.945007
1.740000e-06 15511.715423 -1385.602219
1.755000e-06 15570.705966 -1391.718829
1.770000e-06 15628.930362 -1397.740677
1.785000e-06 15687.474737 -1403.672593
1.800000e-06 15740.090693 -1408.862144
1.815000e-06 15791.469024 -1413.031367
1.830000e-06 15845.073652 -1416.717528
1.845000e-06 15966.410741 -1424.820010
1.860000e-06 16077.106684 -1424.580900
1.875000e-06 16215.690425 -1433.820497
1.890000e-06 16338.049788 -1440.960866
1.905000e-06 16466.696071 -1449.703407
1.920000e-06 16573.276334 -1456.892198
1.935000e-06 16683.271531 -1465.527034
1.950000e-06 16789.504426 -1474.250149
1.965000e-06 16892.047342 -1482.004411
1.980000e-06 16992.959012 -1491.039781
1.995000e-06 17089.544086 -1499.591501
2.010000e-06 17178.170251 -1508.182072
2.025000e-06 17250.918732 -1514.325403
2.040000e-06 17306.063409 -1518.359137
2.055000e-06 17347.997632 -1520.243787
2.070000e-06 17361.735001 -1518.248671
2.085000e-06 17353.435938 -1513.970569
2.100000e-06 17326.679276 -1507.572967
2.115000e-06 17286.494370 -1499.688728
2.130000e-06 17233.131494 -1490.933201
2.145000e-06 17173.495506 -1480.969937
2.160000e-06 17105.997572 -1469.560841
2.175000e-06 17035.273422 -1457.494371
2.190000e-06 16962.885638 -1445.945173
2.205000e-06 16890.366941 -1437.560870
2.220000e-06 16828.071114 -1434.197793
2.235000e-06 16770.348688 -1434.527780
2.250000e-06 16713.704897 -1435.413785
2.265000e-06 16661.815129 -1434.597911
2.280000e-06 16609.131839 -1430.426329
2.295000e-06 16561.213737 -1424.705827
2.310000e-06 16520.540022 -1419.210395
2.325000e-06 16493.726684 -1415.527902
2.340000e-06 16465.728806 -1411.077205
2.355000e-06 16454.987994 -1408.439313
2.370000e-06 16461.718356 -1407.642015
2.385000e-06 16482.688727 -1408.531890
2.400000e-06 16518.040089 -1410.436934
2.415000e-06 16561.029059 -1412.428103
2.430000e-06 16619.308564 -1417.146123
2.445000e-06 16669.898437 -1421.158882
2.460000e-06 16716.166497 -1424.176550
2.475000e-06 16757.242834 -1427.149912
2.490000e-06 16793.025162 -1430.336360
2.505000e-06 16814.792563 -1431.793652
2.520000e-06 16826.328712 -1432.069169
2.535000e-06 16830.892534 -1431.349199
2.550000e-06 16814.638221 -1429.232163
2.565000e-06 16795.146246 -1427.147876
2.580000e-06 16756.493200 -1423.246240
2.595000e-06 16706.205963 -1418.597877
2.610000e-06 16641.969868 -1412.054250
2.625000e-06 16567.227840 -1404.040989
2.640000e-06 16484.530541 -1394.995151
2.655000e-06 16402.862046 -1386.272051
2.670000e-06 16312.753183 -1377.326891
2.685000e-06 16222.177771 -1368.487069
2.700000e-06 16126.204883 -1359.907628
2.715000e-06 16005.341100 -1348.216798
2.730000e-06 15869.558968 -1335.278354
2.745000e-06 15720.225572 -1322.450772
2.760000e-06 15551.972851 -1308.633833
2.775000e-06 15384.498843 -1294.609091
2.790000e-06 15208.341281 -1280.179023
2.805000e-06 15038.532277 -1266.457191
2.820000e-06 14880.080594 -1254.457320
2.835000e-06 14717.897930 -1243.227640
2.850000e-06 14568.027433 -1233.396147
2.865000e-06 14429.919203 -1224.101249
2.880000e-06 14292.467325 -1215.026202
2.895000e-06 14173.867765 -1206.937469
2.910000e-06 14103.876050 -1200.625167
2.925000e-06 14024.944608 -1195.173204
2.940000e-06 13948.982440 -1189.332748
2.955000e-06 13879.161319 -1183.802575
2.970000e-06 13815.828624 -1179.050077
2.985000e-06 13753.658561 -1174.135662
3.000000e-06 13701.156592 -1170.718157
3.015000e-06 13662.950997 -1170.000598
3.030000e-06 13627.128567 -1169.290478
3.045000e-06 13592.186194 -1168.746612
3.060000e-06 13554.965237 -1167.608650
3.075000e-06 13523.697534 -1166.012948
3.090000e-06 13492.763155 -1163.932187
3.105000e-06 13461.625847 -1160.608868
3.120000e-06 13430.212290 -1156.717515
3.135000e-06 13400.930299 -1152.313112
3.150000e-06 13360.915374 -1146.336932
3.165000e-06 13320.651441 -1140.543900
3.180000e-06 13270.141033 -1133.962094
3.195000e-06 13212.290181 -1127.602081
3.210000e-06 13144.453731 -1120.531076
3.225000e-06 13066.731698 -1113.658484
3.240000e-06 12981.517111 -1106.552178
3.255000e-06 12878.801017 -1099.017585
3.270000e-06 12774.257716 -1091.745648
3.285000e-06 12657.876000 -1083.573302
3.300000e-06 12534.564988 -1074.171029
3.315000e-06 12404.379055 -1063.108413
3.330000e-06 12269.562716 -1050.937238
3.345000e-06 12130.234898 -1037.678694
3.360000e-06 11994.366880 -1026.028085
3.375000e-06 11856.172451 -1014.923365
3.390000e-06 11726.531843 -1005.009331
3.405000e-06 11594.447097 -994.346541
3.420000e-06 11463.470191 -983.158202
3.435000e-06 11334.385054 -971.541623
3.450000e-06 11208.191603 -959.486676
3.465000e-06 11087.600079 -947.732682
3.480000e-06 10975.921068 -937.127342
3.495000e-06 10870.639349 -927.458917
3.510000e-06 10781.261407 -920.080022
3.525000e-06 10703.099221 -914.530987
3.540000e-06 10637.362297 -910.894332
3.555000e-06 10580.220754 -907.983806
3.570000e-06 10532.976957 -905.645623
3.585000e-06 10491.615639 -903.889874
3.600000e-06 10454.005576 -902.065741
3.615000e-06 10420.571688 -900.048430
3.630000e-06 10393.147924 -898.425819
3.645000e-06 10370.437209 -896.877053
3.660000e-06 10357.807146 -895.721743
3.675000e-06 10349.087519 -895.423391
3.690000e-06 10343.963698 -895.326050
3.705000e-06 10344.588494 -895.916517
3.720000e-06 10344.423700 -897.281593
3.735000e-06 10338.354099 -898.002365
3.750000e-06 10321.613247 -897.729722
3.765000e-06 10296.634247 -895.914959
3.780000e-06 10264.387789 -893.327902
3.795000e-06 10226.131018 -890.088514
3.810000e-06 10178.944158 -886.124798
3.825000e-06 10127.556208 -882.128765
3.840000e-06 10074.338749 -878.186964
3.855000e-06 10009.534379 -873.005443
3.870000e-06 9936.726287 -867.091999
3.885000e-06 9855.199232 -860.137315
3.900000e-06 9769.357008 -852.794841
3.915000e-06 9676.343387 -845.241454
3.930000e-06 9584.259046 -837.640602
3.945000e-06 9497.065957 -831.086944
3.960000e-06 9408.996025 -824.401077
3.975000e-06 9325.048622 -818.004333
3.990000e-06 9242.173062 -810.907322
4.005000e-06 9167.267195 -804.762543
4.020000e-06 9093.197926 -797.845441
4.035000e-06 9022.698096 -791.256432
4.050000e-06 8958.478740 -785.647624
4.065000e-06 8903.919282 -781.202492
4.080000e-06 8856.707437 -778.016351
4.095000e-06 8819.524985 -775.881138
4.110000e-06 8794.114460 -774.976938
4.125000e-06 8778.422112 -775.182873
4.140000e-06 8771.051277 -776.119644
4.155000e-06 8780.066601 -779.530644
4.170000e-06 8801.441138 -784.561602
4.185000e-06 8828.236403 -789.958869
4.200000e-06 8861.477321 -796.265287
4.215000e-06 8900.432972 -803.218198
4.230000e-06 8950.697468 -811.114561
4.245000e-06 9001.742860 -818.388474
4.260000e-06 9060.663022 -825.770975
4.275000e-06 9122.241492 -832.707880
4.290000e-06 9187.222284 -839.560384
4.305000e-06 9249.761663 -845.700416
4.320000e-06 9311.729954 -851.559152
4.335000e-06 9375.961450 -858.076136
4.350000e-06 9438.946899 -864.226541
4.365000e-06 9499.672259 -870.202223
4.380000e-06 9565.567740 -877.023366
4.395000e-06 9630.482473 -884.122314
4.410000e-06 9699.028715 -892.310377
4.425000e-06 9764.060599 -899.796850
4.440000e-06 9820.695251 -905.827398
4.455000e-06 9869.933071 -911.154923
4.470000e-06 9906.886660 -914.745966
4.485000e-06 9938.571520 -917.531185
4.500000e-06 9960.818922 -919.718471
4.515000e-06 9978.352060 -921.748361
4.530000e-06 9997.491441 -925.445189
4.545000e-06 10014.886488 -929.251505
4.560000e-06 10031.741382 -933.363515
4.575000e-06 10049.816878 -938.056123
4.590000e-06 10072.572472 -942.562623
4.605000e-06 10097.705378 -947.204985
4.620000e-06 10124.788161 -951.701818
4.635000e-06 10163.890762 -957.214379
4.650000e-06 10214.352637 -964.240863
4.665000e-06 10274.179348 -971.453416
4.680000e-06 10340.984891 -979.045545
4.695000e-06 10418.198640 -987.307254
4.710000e-06 10506.288802 -996.573623
4.725000e-06 10596.252841 -1005.309533
4.740000e-06 10694.377287 -1015.035498
4.755000e-06 10798.224325 -1025.400382
4.770000e-06 10904.015005 -1035.812153
4.785000e-06 11016.230789 -1046.697973
4.800000e-06 11141.233377 -1058.999521
4.815000e-06 11275.659240 -1072.775551
4.830000e-06 11426.698069 -1088.783218
4.845000e-06 11592.472042 -1106.517564
4.860000e-06 11771.264402 -1126.084807
4.875000e-06 11951.996308 -1145.695794
4.890000e-06 12141.626723 -1165.989566
4.905000e-06 12330.818502 -1186.431385
4.920000e-06 12519.982667 -1206.698778
4.935000e-06 12705.920058 -1226.261302
4.950000e-06 12887.083987 -1244.977297
4.965000e-06 13061.366963 -1262.460465
4.980000e-06 13229.086594 -1279.005736
4.995000e-06 13391.703246 -1295.030072
5.010000e-06 13541.739967 -1309.320669
5.025000e-06 13685.030031 -1322.887116
5.040000e-06 13817.125729 -1335.110107
5.055000e-06 13943.023416 -1346.644094
5.070000e-06 14065.437095 -1358.632986
5.085000e-06 14182.745466 -1370.229041
5.100000e-06 14305.114733 -1383.028468
5.115000e-06 14423.578265 -1395.411540
5.130000e-06 14544.908752 -1407.712304
5.145000e-06 14665.245995 -1420.010669
5.160000e-06 14787.026991 -1432.324088
5.175000e-06 14905.975916 -1444.550758
5.190000e-06 15021.906073 -1456.101927
5.205000e-06 15138.355365 -1468.084798
5.220000e-06 15254.742652 -1480.646656
5.235000e-06 15371.143561 -1493.935959
5.250000e-06 15497.059110 -1508.904075
5.265000e-06 15624.207674 -1524.832323
5.280000e-06 15840.792501 -1552.275307
5.295000e-06 16027.341299 -1571.264554
5.310000e-06 16241.522855 -1598.735839
5.325000e-06 16452.277952 -1622.013422
5.340000e-06 16669.529343 -1644.554235
5.355000e-06 16900.708979 -1668.270645
5.370000e-06 17137.329272 -1692.763000
5.385000e-06 17379.551490 -1717.342094
5.400000e-06 17630.749025 -1743.161512
5.415000e-06 17892.412920 -1769.917589
5.430000e-06 18152.420566 -1796.956336
5.445000e-06 18415.679556 -1824.571239
5.460000e-06 18672.737332 -1851.686907
5.475000e-06 18933.429236 -1879.328304
5.490000e-06 19191.387090 -1905.829648
5.505000e-06 19446.683961 -1931.436569
5.520000e-06 19708.325467 -1958.971447
5.535000e-06 19973.652185 -1987.053042
5.550000e-06 20236.353151 -2014.987587
5.565000e-06 20491.778682 -2042.050372
5.580000e-06 20728.497101 -2066.773336
5.595000e-06 20953.126133 -2089.442902
5.610000e-06 21167.587943 -2111.114972
5.625000e-06 21369.026558 -2131.258942
5.640000e-06 21558.748527 -2150.184837
5.655000e-06 21746.467514 -2168.990426
5.670000e-06 21929.351000 -2186.905517
5.685000e-06 22106.306132 -2204.940468
5.700000e-06 22286.463704 -2222.633690
5.715000e-06 22455.268526 -2239.067876
5.730000e-06 22614.723668 -2253.546693
5.745000e-06 22764.992520 -2266.916517
5.760000e-06 22915.142304 -2280.901243
5.775000e-06 23060.659700 -2294.925597
5.790000e-06 23208.190258 -2309.322115
5.805000e-06 23355.987386 -2324.490452
5.820000e-06 23508.406220 -2340.317148
5.835000e-06 23657.208334 -2356.247271
5.850000e-06 23814.984119 -2374.619547
5.865000e-06 23977.686736 -2393.909710
5.880000e-06 24137.661620 -2414.342383
5.895000e-06 24297.871294 -2434.229846
5.910000e-06 24460.287839 -2453.603048
5.925000e-06 24619.789906 -2472.281885
5.940000e-06 24780.971707 -2490.187322
5.955000e-06 24945.255582 -2508.490670
5.970000e-06 25111.475223 -2526.893204
5.985000e-06 25283.597144 -2546.005327
