0.000000e+00 0.000000 0.000000
5.000000e-08 945.712285 -129.300995
1.000000e-07 1239.502105 -145.802090
1.500000e-07 1295.715028 -142.494937
2.000000e-07 1385.475148 -147.997524
2.500000e-07 1593.573085 -173.382719
3.000000e-07 1818.763856 -194.972184
3.500000e-07 2038.031744 -211.123578
4.000000e-07 2280.435465 -227.761819
4.500000e-07 2528.503566 -251.056944
5.000000e-07 2811.997335 -278.721122
5.500000e-07 3140.441995 -309.832899
6.000000e-07 3451.852797 -336.768160
6.500000e-07 3720.880785 -358.104480
7.000000e-07 3957.084400 -381.012236
7.500000e-07 4172.413231 -404.197625
8.000000e-07 4384.398661 -425.874081
8.500000e-07 4571.830029 -443.165453
9.000000e-07 4743.111030 -459.099202
9.500000e-07 4913.833166 -476.098919
1.000000e-06 5100.222219 -494.971656
1.050000e-06 5303.394571 -516.469563
1.100000e-06 5493.987921 -533.458504
1.150000e-06 5688.922495 -550.889296
1.200000e-06 5889.097579 -570.153647
1.250000e-06 6095.919097 -590.072097
1.300000e-06 6305.658105 -610.548576
1.350000e-06 6910.623946 -681.301112
1.400000e-06 7484.668227 -732.956752
1.450000e-06 7738.353315 -741.136003
1.500000e-06 8043.180411 -765.692496
1.550000e-06 8381.567980 -800.522390
1.600000e-06 8701.549491 -831.650059
1.650000e-06 9059.148302 -860.576540
1.700000e-06 9471.129074 -895.465468
1.750000e-06 9912.782051 -936.159698
1.800000e-06 10406.944039 -982.098114
1.850000e-06 10919.790233 -1031.155858
1.900000e-06 11370.750419 -1076.274842
1.950000e-06 11791.123223 -1114.242030
2.000000e-06 12227.234859 -1152.499736
2.050000e-06 12639.429297 -1189.921392
2.100000e-06 13044.209213 -1223.537962
2.150000e-06 13403.651522 -1252.858581
2.200000e-06 13741.475844 -1280.994854
2.250000e-06 14090.997900 -1315.009196
2.300000e-06 14469.462757 -1354.926155
2.350000e-06 14845.363336 -1395.294420
2.400000e-06 15202.622255 -1431.190312
2.450000e-06 15743.865522 -1481.489349
2.500000e-06 16478.588625 -1541.830993
2.550000e-06 17179.016492 -1592.040198
2.600000e-06 17901.621689 -1656.999407
2.650000e-06 18580.618847 -1718.220986
2.700000e-06 19215.425589 -1779.684614
2.750000e-06 19770.896022 -1825.125045
2.800000e-06 20273.356670 -1859.952195
2.850000e-06 20767.241764 -1903.084512
2.900000e-06 21307.898580 -1954.039565
2.950000e-06 21938.000164 -2021.522867
3.000000e-06 22621.905869 -2092.895060
3.050000e-06 23302.541030 -2155.640489
3.100000e-06 23956.404508 -2217.633900
3.150000e-06 24540.199882 -2279.475005
3.200000e-06 25031.814215 -2332.054094
3.250000e-06 25473.180420 -2378.681453
3.300000e-06 25894.427046 -2418.946494
3.350000e-06 26310.612266 -2458.951076
3.400000e-06 26996.697337 -2522.137550
3.450000e-06 27821.335922 -2588.173419
3.500000e-06 28550.902903 -2637.727553
3.550000e-06 29341.458550 -2706.201762
3.600000e-06 30154.674547 -2787.172152
3.650000e-06 31003.524845 -2891.413738
3.700000e-06 31887.810600 -2964.712151
3.750000e-06 32810.065056 -3047.764456
3.800000e-06 33644.219917 -3122.228285
3.850000e-06 34453.194001 -3199.243341
3.900000e-06 35157.072653 -3270.693048
3.950000e-06 35766.562543 -3335.868080
4.000000e-06 36333.882339 -3391.796276
4.050000e-06 36924.322139 -3448.214055
4.100000e-06 37514.602459 -3502.108090
4.150000e-06 38094.425397 -3549.405248
4.200000e-06 38905.989015 -3632.529820
4.250000e-06 39992.686979 -3721.666583
4.300000e-06 40947.037705 -3794.708627
4.350000e-06 41883.401566 -3876.124379
4.400000e-06 42745.102104 -3959.658157
4.450000e-06 43526.687437 -4017.611195
4.500000e-06 44294.077054 -4068.439733
4.550000e-06 45036.074272 -4134.297896
4.600000e-06 45765.482301 -4203.929004
4.650000e-06 46599.650602 -4288.594216
4.700000e-06 47375.997051 -4371.685621
4.750000e-06 48110.443423 -4446.305452
4.800000e-06 48801.156841 -4514.469964
4.850000e-06 49434.064247 -4579.961309
4.900000e-06 50212.139226 -4662.783723
4.950000e-06 51296.907475 -4737.574245
5.000000e-06 52225.353112 -4804.396932
5.050000e-06 53091.437157 -4862.904627
5.100000e-06 53945.515838 -4934.769926
5.150000e-06 54750.542578 -5004.838842
5.200000e-06 55521.459454 -5070.471155
5.250000e-06 56296.955115 -5154.741807
5.300000e-06 57046.953341 -5237.131266
5.350000e-06 57922.420592 -5316.692025
5.400000e-06 58841.905659 -5404.077192
5.450000e-06 59718.553138 -5492.670870
5.500000e-06 60523.809869 -5577.939592
5.550000e-06 61272.426957 -5661.812327
5.600000e-06 62302.805384 -5758.965993
5.650000e-06 63279.682879 -5815.822612
5.700000e-06 64166.115893 -5883.196075
5.750000e-06 64954.838752 -5954.676675
5.800000e-06 65758.119928 -6029.920049
5.850000e-06 66583.724828 -6081.638906
5.900000e-06 67484.405443 -6145.238355
5.950000e-06 68409.469860 -6245.373945
6.000000e-06 69279.685538 -6344.287184
6.050000e-06 70182.073616 -6455.153240
6.100000e-06 71023.761509 -6543.492059
6.150000e-06 71855.089744 -6620.154447
6.200000e-06 72807.684671 -6711.165631
6.250000e-06 74130.564767 -6810.251345
6.300000e-06 75199.882954 -6884.271094
6.350000e-06 76096.111986 -6952.640347
6.400000e-06 76854.016887 -7022.920357
6.450000e-06 77549.454346 -7070.681463
6.500000e-06 78300.448945 -7124.639424
6.550000e-06 79052.940987 -7194.559021
6.600000e-06 80017.239301 -7290.074972
6.650000e-06 81019.968953 -7388.548021
6.700000e-06 81977.858268 -7495.755535
6.750000e-06 82870.956613 -7596.114876
6.800000e-06 83693.853158 -7687.541678
6.850000e-06 84963.376215 -7796.382159
6.900000e-06 85993.654938 -7846.467608
6.950000e-06 86925.367246 -7911.105657
7.000000e-06 87699.026000 -7980.204560
7.050000e-06 88355.091721 -8022.645091
7.100000e-06 89050.218022 -8060.332684
7.150000e-06 89795.255756 -8124.966555
7.200000e-06 90669.150535 -8232.429348
7.250000e-06 91611.025797 -8329.926416
7.300000e-06 92591.312528 -8424.568160
7.350000e-06 93503.273042 -8528.555185
7.400000e-06 94331.287626 -8620.685279
7.450000e-06 95599.873572 -8748.407109
7.500000e-06 96636.408370 -8807.390345
7.550000e-06 97614.624780 -8863.927630
7.600000e-06 98467.259522 -8951.586132
7.650000e-06 99200.572177 -9015.417240
7.700000e-06 99876.931195 -9057.429504
7.750000e-06 100471.951879 -9112.965254
7.800000e-06 101251.129780 -9203.357009
7.850000e-06 102263.737229 -9305.490492
7.900000e-06 103195.270334 -9382.387191
7.950000e-06 104089.184592 -9460.040973
8.000000e-06 104820.626607 -9541.945476
8.050000e-06 106064.438522 -9664.587676
8.100000e-06 106775.567996 -9750.662999
8.150000e-06 107191.574886 -9793.868798
8.200000e-06 107738.464569 -9878.024994
8.250000e-06 108605.948080 -9901.917521
8.300000e-06 109540.176206 -9928.974044
8.350000e-06 110256.261281 -9908.593949
8.400000e-06 111293.206335 -10073.367835
8.450000e-06 112285.351132 -10219.201416
8.500000e-06 113553.995448 -10347.190873
8.550000e-06 114616.644002 -10471.816243
8.600000e-06 115442.771859 -10571.196319
8.650000e-06 116893.771485 -10673.871869
8.700000e-06 117834.729958 -10726.361640
8.750000e-06 118653.575569 -10781.591713
8.800000e-06 119425.355730 -10859.980038
8.850000e-06 119940.331050 -10908.004659
8.900000e-06 120296.288269 -10921.152344
8.950000e-06 120903.611943 -10985.034710
9.000000e-06 121803.565500 -11087.916510
9.050000e-06 122932.644038 -11187.764660
9.100000e-06 123954.509189 -11271.954867
9.150000e-06 125156.799296 -11384.448210
9.200000e-06 126585.490918 -11498.352844
9.250000e-06 127750.206446 -11581.518879
9.300000e-06 128602.294357 -11645.756572
9.350000e-06 129331.830157 -11716.090090
9.400000e-06 129900.245411 -11770.318432
9.450000e-06 130319.161156 -11802.502925
9.500000e-06 130839.100444 -11826.822439
9.550000e-06 131673.329428 -11902.364589
9.600000e-06 132752.496682 -12049.450168
9.650000e-06 133930.118791 -12200.545392
9.700000e-06 134974.442395 -12269.004041
9.750000e-06 136393.939848 -12389.151972
9.800000e-06 137461.865196 -12491.079500
9.850000e-06 138306.097951 -12576.354506
9.900000e-06 139005.899297 -12625.453891
9.950000e-06 139726.195528 -12639.052343
1.000000e-05 140373.087120 -12663.855764
1.005000e-05 140986.617028 -12746.824792
1.010000e-05 141744.644501 -12880.729709
1.015000e-05 142511.422623 -12996.604077
1.020000e-05 143448.862558 -13087.654991
1.025000e-05 144534.863228 -13184.185962
1.030000e-05 146124.267311 -13323.678656
1.035000e-05 147432.604157 -13428.815504
1.040000e-05 148501.673275 -13526.331894
1.045000e-05 149410.081790 -13595.844721
1.050000e-05 150209.290904 -13637.591403
1.055000e-05 150820.586780 -13678.691084
1.060000e-05 151281.487522 -13722.190889
1.065000e-05 151951.760860 -13781.552112
1.070000e-05 152872.571226 -13888.493214
1.075000e-05 153911.019374 -14001.837465
1.080000e-05 154978.972728 -14104.928933
1.085000e-05 156403.298248 -14233.019442
1.090000e-05 157540.750842 -14335.425299
1.095000e-05 158740.747387 -14464.546821
1.100000e-05 159612.240934 -14549.948999
1.105000e-05 160355.575551 -14590.014690
1.110000e-05 160961.703459 -14618.448679
1.115000e-05 161431.611034 -14654.598734
1.120000e-05 162067.301970 -14708.005262
1.125000e-05 162794.212129 -14788.265529
1.130000e-05 163603.525753 -14872.003171
1.135000e-05 164856.794458 -14962.860480
1.140000e-05 166018.530674 -15023.198950
1.145000e-05 167347.912695 -15155.041016
1.150000e-05 168476.005010 -15288.213757
1.155000e-05 169495.477949 -15402.295347
1.160000e-05 170421.698566 -15518.326365
1.165000e-05 171099.875997 -15579.301660
1.170000e-05 171674.021177 -15608.598094
1.175000e-05 172225.904559 -15660.871319
1.180000e-05 172972.121958 -15749.976288
1.185000e-05 173820.070677 -15846.350750
1.190000e-05 175144.408399 -15962.466697
1.195000e-05 176367.205951 -16032.815636
1.200000e-05 177704.420726 -16143.511735
1.205000e-05 178889.280613 -16261.533614
1.210000e-05 179919.525030 -16385.005041
1.215000e-05 180716.364940 -16485.683829
1.220000e-05 181330.520420 -16577.028133
1.225000e-05 181965.002503 -16677.650315
1.230000e-05 182624.046268 -16779.544334
1.235000e-05 183481.011146 -16886.467436
1.240000e-05 184783.246276 -17001.905671
1.245000e-05 186022.816513 -17070.722087
1.250000e-05 187324.105069 -17194.596763
1.255000e-05 188521.325342 -17310.214143
1.260000e-05 189690.927813 -17405.419900
1.265000e-05 190619.962202 -17485.643584
1.270000e-05 191454.040880 -17543.663971
1.275000e-05 192060.092343 -17575.078049
1.280000e-05 192641.912181 -17631.617431
1.285000e-05 193349.086901 -17721.591336
1.290000e-05 194161.021716 -17824.353825
1.295000e-05 195034.128539 -17919.434541
1.300000e-05 196291.095174 -18076.119973
1.305000e-05 197462.243728 -18217.216866
1.310000e-05 198785.630099 -18384.751418
1.315000e-05 199937.390458 -18556.065506
1.320000e-05 200930.471104 -18705.987205
1.325000e-05 201663.350916 -18839.983936
1.330000e-05 202148.712794 -18932.047495
1.335000e-05 202771.849361 -19025.773817
1.340000e-05 203573.960838 -19126.915336
1.345000e-05 204087.006892 -19212.721919
1.350000e-05 204763.136735 -19358.790551
1.355000e-05 205847.461945 -19420.307101
1.360000e-05 206896.180551 -19546.107962
1.365000e-05 207869.357438 -19763.578206
1.370000e-05 208288.556708 -19996.757327
1.375000e-05 208822.179345 -20275.788593
1.380000e-05 208747.138601 -20349.907948
1.385000e-05 209197.405869 -20432.677144
1.390000e-05 209087.938251 -20475.971913
1.395000e-05 208330.101827 -20607.489594
1.400000e-05 210550.837509 -20781.198118
1.405000e-05 211127.047292 -20894.269388
1.410000e-05 211778.609428 -20691.290656
1.415000e-05 212597.527768 -20633.484683
1.420000e-05 213437.876748 -20690.982226
1.425000e-05 214519.961355 -20899.793267
1.430000e-05 215429.641053 -21099.214763
1.435000e-05 216128.901477 -21291.667691
1.440000e-05 216433.675754 -21404.946715
1.445000e-05 217100.212685 -21510.261519
1.450000e-05 217925.484733 -21629.459020
1.455000e-05 218768.568302 -21680.344449
1.460000e-05 219793.426937 -21815.183547
1.465000e-05 220712.526765 -21974.975935
1.470000e-05 221311.573680 -22121.267368
1.475000e-05 221977.566624 -22273.111075
1.480000e-05 222512.958198 -22394.928674
1.485000e-05 223141.632031 -22518.558980
1.490000e-05 223810.386900 -22627.585746
1.495000e-05 224252.996570 -22712.994595
1.500000e-05 225065.614589 -22835.287200
1.505000e-05 225790.887978 -22983.697580
1.510000e-05 226045.012753 -23067.575236
1.515000e-05 226421.925116 -23157.622997
1.520000e-05 226848.180100 -23248.625488
1.525000e-05 227218.239696 -23320.922997
1.530000e-05 227561.149641 -23315.406457
1.535000e-05 228030.045752 -23371.924832
1.540000e-05 228490.642760 -23502.967920
1.545000e-05 229062.944119 -23579.047251
1.550000e-05 229551.364011 -23623.457809
1.555000e-05 229914.846417 -23710.734367
1.560000e-05 230309.514707 -23797.929309
1.565000e-05 230590.249246 -23878.165636
1.570000e-05 230965.350441 -23910.999169
1.575000e-05 231589.149507 -23981.004046
1.580000e-05 232405.430028 -24132.634324
1.585000e-05 232856.375492 -24271.888124
1.590000e-05 233279.739323 -24374.887488
1.595000e-05 233587.244041 -24424.330439
1.600000e-05 233939.214270 -24426.389051
1.605000e-05 234279.636702 -24447.935729
1.610000e-05 234809.872701 -24548.504629
1.615000e-05 235346.626227 -24651.717619
1.620000e-05 235927.221753 -24762.887128
1.625000e-05 236411.614027 -24839.111895
1.630000e-05 236967.902541 -24934.563584
1.635000e-05 237325.904515 -25027.318471
1.640000e-05 237760.952070 -25132.324816
1.645000e-05 238159.067366 -25210.270283
1.650000e-05 238558.837211 -25283.429542
1.655000e-05 238868.618745 -25306.572961
1.660000e-05 239126.374989 -25326.636914
1.665000e-05 239407.512464 -24413.131889
1.670000e-05 239342.437659 -24512.778186
1.675000e-05 239607.600501 -24435.647346
1.680000e-05 239754.540295 -24318.169857
1.685000e-05 240171.011872 -24282.781848
1.690000e-05 240326.940799 -24282.747585
1.695000e-05 240621.947148 -24373.545200
1.700000e-05 240895.842022 -24478.677972
1.705000e-05 241003.112114 -24543.610328
1.710000e-05 241103.346464 -24573.881390
1.715000e-05 241225.303083 -24572.470332
1.720000e-05 241583.249854 -24583.130963
1.725000e-05 242074.330105 -24754.507956
1.730000e-05 242467.182653 -24931.034334
1.735000e-05 242887.505654 -25133.487901
1.740000e-05 243316.123512 -25306.736182
1.745000e-05 243679.747636 -25459.652199
1.750000e-05 243917.346753 -25593.594810
1.755000e-05 244396.844059 -25765.649992
1.760000e-05 244783.184405 -25942.550026
1.765000e-05 245142.008786 -26137.443658
1.770000e-05 245811.041259 -26379.989535
1.775000e-05 246348.772233 -26614.564193
1.780000e-05 247025.796915 -26828.026735
1.785000e-05 247461.454238 -27012.627224
1.790000e-05 247967.705506 -27171.108189
1.795000e-05 248377.429216 -27323.029745
1.800000e-05 248745.122040 -27469.223121
1.805000e-05 249245.426447 -27594.349938
1.810000e-05 249513.072057 -27697.259732
1.815000e-05 250170.887599 -27874.705603
1.820000e-05 250822.147885 -28084.189163
1.825000e-05 251327.896440 -28232.262281
1.830000e-05 251839.586182 -28424.960378
1.835000e-05 252340.162273 -28618.134942
1.840000e-05 252777.092970 -28788.034470
1.845000e-05 253461.901376 -28968.590915
1.850000e-05 254094.714940 -29134.639674
1.855000e-05 254553.690338 -29282.103235
1.860000e-05 255185.480216 -29482.631755
1.865000e-05 255489.983124 -29632.938768
1.870000e-05 256062.147234 -29765.559125
1.875000e-05 256776.831609 -29859.354985
1.880000e-05 257004.206798 -29913.423281
1.885000e-05 257208.844642 -30071.095372
1.890000e-05 257786.988801 -30238.837909
1.895000e-05 257973.736547 -30337.863880
1.900000e-05 258551.956973 -30342.781071
1.905000e-05 257927.858132 -30434.246798
1.910000e-05 258297.864898 -30554.653546
1.915000e-05 259346.496007 -30524.515481
1.920000e-05 258199.831135 -31037.868966
1.925000e-05 258466.652710 -31128.147276
1.930000e-05 259729.473932 -31078.549789
1.935000e-05 258242.711312 -31410.068757
1.940000e-05 260606.350455 -31175.372858
1.945000e-05 260206.848454 -31531.780516
1.950000e-05 260024.205516 -30978.126622
1.955000e-05 260710.061903 -31883.337516
1.960000e-05 260863.411595 -31644.955012
1.965000e-05 261408.653407 -31593.459510
1.970000e-05 262300.848081 -31745.100999
1.975000e-05 262881.698249 -31895.027136
1.980000e-05 263283.354096 -32021.283914
1.985000e-05 263962.391652 -32223.826867
1.990000e-05 264352.006513 -32332.259055
1.995000e-05 264625.452339 -32408.462517
2.000000e-05 265229.753372 -32550.867171
2.005000e-05 265598.914626 -32572.643126
2.010000e-05 266406.325988 -32698.475207
2.015000e-05 266344.979889 -32706.053610
2.020000e-05 266220.057760 -32748.948620
2.025000e-05 266455.587382 -32821.790709
2.030000e-05 266526.926642 -32835.173545
2.035000e-05 266606.059165 -32898.922011
2.040000e-05 266961.970431 -32996.183486
2.045000e-05 267022.420710 -33019.310295
2.050000e-05 267479.728757 -33172.294758
2.055000e-05 268142.264878 -33295.592634
2.060000e-05 268005.666884 -33340.527009
2.065000e-05 268385.375173 -33466.931020
2.070000e-05 268493.595869 -33556.435129
2.075000e-05 268372.598985 -33606.467607
2.080000e-05 268742.595487 -33586.310955
2.085000e-05 268940.245522 -33642.155422
2.090000e-05 268893.636956 -33727.045081
2.095000e-05 269556.465227 -33796.149341
2.100000e-05 269854.148439 -33838.713607
2.105000e-05 270052.678261 -33935.540218
2.110000e-05 270465.040300 -34075.965075
2.115000e-05 270464.985494 -34132.728323
2.120000e-05 270549.041927 -34143.734878
2.125000e-05 270994.791836 -34152.018664
2.130000e-05 271479.054949 -34250.850032
2.135000e-05 271558.856372 -34338.915174
2.140000e-05 271846.808859 -34413.735142
2.145000e-05 271994.005563 -34412.600209
2.150000e-05 271979.526007 -34515.675760
2.155000e-05 272871.070880 -34788.699980
2.160000e-05 273253.222024 -34963.996559
2.165000e-05 273669.573072 -35206.004207
2.170000e-05 274434.151296 -35537.725925
2.175000e-05 274656.850541 -35736.794572
2.180000e-05 274903.854412 -35969.316158
2.185000e-05 275009.083624 -36170.920070
2.190000e-05 275407.260933 -36412.240252
2.195000e-05 275870.430966 -36670.732315
2.200000e-05 276352.781186 -36886.878436
2.205000e-05 276730.992244 -37136.781460
2.210000e-05 277014.302605 -37323.421745
2.215000e-05 277336.938573 -37502.582735
2.220000e-05 277825.075643 -37762.910192
2.225000e-05 277815.435578 -37928.739300
2.230000e-05 277988.932002 -38077.105635
2.235000e-05 278197.605342 -38184.798068
2.240000e-05 278173.940139 -38300.150012
2.245000e-05 278705.048019 -38507.315305
2.250000e-05 279006.453508 -38697.249043
2.255000e-05 279480.799632 -38915.237037
2.260000e-05 279920.365168 -39120.669338
2.265000e-05 280210.864491 -39315.660768
2.270000e-05 280869.492344 -39538.825931
2.275000e-05 281066.119018 -39707.824673
2.280000e-05 281373.334581 -39893.923228
2.285000e-05 282056.863171 -40137.182513
2.290000e-05 282321.524585 -40293.004539
2.295000e-05 282823.602451 -40514.666451
2.300000e-05 281881.538388 -41356.931122
2.305000e-05 282604.760237 -41225.277003
2.310000e-05 282800.795338 -41450.444397
2.315000e-05 283258.635447 -41663.506090
2.320000e-05 283771.483827 -41884.201955
2.325000e-05 284256.559919 -42017.128379
2.330000e-05 284487.503669 -42208.828072
2.335000e-05 284751.839734 -42405.044516
2.340000e-05 285061.208770 -42529.074299
2.345000e-05 285408.815185 -42720.958464
2.350000e-05 285776.697607 -42900.818539
2.355000e-05 286241.347163 -43220.452778
2.360000e-05 287009.416756 -43461.013395
2.365000e-05 287489.198222 -43670.634662
2.370000e-05 287899.917817 -43899.513962
2.375000e-05 288413.539186 -44110.643541
2.380000e-05 288509.524523 -44328.511378
2.385000e-05 289654.594803 -44650.229271
2.390000e-05 289423.107962 -44729.304173
2.395000e-05 289435.477233 -44897.073996
2.400000e-05 288940.897387 -45000.954338
2.405000e-05 289570.293070 -45057.160054
2.410000e-05 289953.007435 -45386.763790
2.415000e-05 290332.294567 -45486.419584
2.420000e-05 290704.552495 -45751.850367
2.425000e-05 290354.001847 -46005.461498
2.430000e-05 291165.572722 -46018.033307
2.435000e-05 290340.293969 -46448.018045
2.440000e-05 291442.809421 -46198.263529
2.445000e-05 289735.630359 -46648.993290
2.450000e-05 291576.331171 -46493.593396
2.455000e-05 291314.863643 -46963.489049
2.460000e-05 289533.441031 -47208.561237
2.465000e-05 291883.534872 -47147.648933
2.470000e-05 291796.831155 -47290.047338
2.475000e-05 289573.716348 -47569.879621
2.480000e-05 292810.534746 -47974.039020
2.485000e-05 289427.937910 -47967.323532
2.490000e-05 292072.182551 -48659.263913
2.495000e-05 292163.210584 -48371.531051
2.500000e-05 292318.007653 -48479.570965
2.505000e-05 292834.309565 -48772.472006
2.510000e-05 293207.235992 -48680.469434
2.515000e-05 293630.323259 -48867.542177
2.520000e-05 294347.097995 -49164.605743
2.525000e-05 294851.960223 -49421.279390
2.530000e-05 295334.272098 -49814.994135
2.535000e-05 295994.568744 -50184.531498
2.540000e-05 296668.002098 -50371.408565
2.545000e-05 297013.841751 -50594.780612
2.550000e-05 298586.672536 -50988.886999
2.555000e-05 297420.941872 -50938.189472
2.560000e-05 298024.680476 -51303.374553
2.565000e-05 297951.219675 -51614.528269
2.570000e-05 297883.950649 -51664.479448
2.575000e-05 298280.547234 -51876.749426
2.580000e-05 298211.792507 -51786.546566
2.585000e-05 298885.298032 -51978.726140
2.590000e-05 299252.724208 -52216.969130
2.595000e-05 299439.090980 -52286.796846
2.600000e-05 299656.882871 -52491.493489
2.605000e-05 299743.702971 -52541.055744
2.610000e-05 299756.352769 -52602.426373
2.615000e-05 299670.860107 -52687.195906
2.620000e-05 299863.731678 -52762.856496
2.625000e-05 299908.040608 -52982.711465
2.630000e-05 299566.443855 -53026.748134
2.635000e-05 300717.141115 -53121.473704
2.640000e-05 300588.075547 -53198.062814
2.645000e-05 300982.899377 -53389.921147
2.650000e-05 301262.671589 -53668.786005
2.655000e-05 300911.691567 -53724.269248
2.660000e-05 300783.305247 -53716.782183
2.665000e-05 301092.916570 -53744.241622
2.670000e-05 301650.807671 -53982.955438
2.675000e-05 301678.208942 -54139.182092
2.680000e-05 302241.685802 -54400.944034
2.685000e-05 301927.551612 -54445.307893
2.690000e-05 302013.075118 -54476.623137
2.695000e-05 302624.836769 -54696.740051
2.700000e-05 302790.923311 -54806.662287
2.705000e-05 303413.266365 -55018.341491
2.710000e-05 303631.665534 -55180.239126
2.715000e-05 304014.126793 -55278.881951
2.720000e-05 304014.476045 -55451.428723
2.725000e-05 304105.814266 -55578.172053
2.730000e-05 304229.534986 -55694.256491
2.735000e-05 304218.240594 -55843.777783
2.740000e-05 304649.770746 -55963.964626
2.745000e-05 304808.862441 -56098.477719
2.750000e-05 305092.283428 -56210.583736
2.755000e-05 304950.265862 -56315.174974
2.760000e-05 305553.503913 -56531.363364
2.765000e-05 304986.312687 -56534.516659
2.770000e-05 305392.874321 -56628.000503
2.775000e-05 305256.446709 -56767.584689
2.780000e-05 305516.239815 -56900.505678
2.785000e-05 305682.810885 -57050.329849
2.790000e-05 305302.827736 -57141.552246
2.795000e-05 305714.522746 -57360.097140
2.800000e-05 305640.675640 -57484.903324
2.805000e-05 305531.977186 -57460.522090
2.810000e-05 306165.789574 -57662.514015
2.815000e-05 305821.144297 -57693.800970
2.820000e-05 306114.799323 -57866.483037
2.825000e-05 306392.876213 -58047.407319
2.830000e-05 306300.098863 -58053.894313
2.835000e-05 306658.434387 -58208.273649
2.840000e-05 306716.206245 -58234.989198
2.845000e-05 307041.289856 -58333.492793
2.850000e-05 307045.192089 -58466.409934
2.855000e-05 307319.459882 -58562.974348
2.860000e-05 307587.968909 -58756.455036
2.865000e-05 307867.844151 -58867.559788
2.870000e-05 308246.831808 -59070.973927
2.875000e-05 308546.878539 -59234.036975
2.880000e-05 308412.366584 -59333.218228
2.885000e-05 308900.237514 -59526.842896
2.890000e-05 308561.680916 -59538.459962
2.895000e-05 309232.850322 -59719.295346
2.900000e-05 309460.030433 -59845.297444
2.905000e-05 309512.930507 -59980.296853
2.910000e-05 309349.037437 -60085.206289
2.915000e-05 309571.678072 -59910.868111
2.920000e-05 310486.117927 -59995.930412
2.925000e-05 310339.090485 -60401.336868
2.930000e-05 309818.318568 -60527.690053
2.935000e-05 310220.913005 -60581.351575
2.940000e-05 309944.121329 -60948.828892
2.945000e-05 309441.495238 -60957.657707
2.950000e-05 311152.506148 -60899.854697
2.955000e-05 309820.450927 -61057.106064
2.960000e-05 311131.624650 -61131.907673
2.965000e-05 311507.166084 -61355.628971
2.970000e-05 309562.096240 -61331.013884
2.975000e-05 311744.861499 -61291.473031
2.980000e-05 311669.842674 -61456.032588
2.985000e-05 311038.520781 -61659.255306
2.990000e-05 312300.409124 -61928.487071
2.995000e-05 310756.596449 -61678.560759
3.000000e-05 311215.049188 -62287.682159
3.005000e-05 311703.960242 -62088.801483
3.010000e-05 310142.784546 -61689.885264
3.015000e-05 309150.628374 -62419.020591
3.020000e-05 310385.291631 -61937.080781
3.025000e-05 309960.715669 -61965.526431
3.030000e-05 311442.946724 -62481.353017
3.035000e-05 310897.237863 -62712.345062
3.040000e-05 311474.456644 -62584.695927
3.045000e-05 312469.143170 -62904.658395
3.050000e-05 312387.057637 -62973.639417
3.055000e-05 312696.735872 -63224.855553
3.060000e-05 313883.314501 -63580.636227
3.065000e-05 313507.133993 -63656.487363
3.070000e-05 313713.149459 -63883.681308
3.075000e-05 314398.839447 -64236.029364
3.080000e-05 313780.945216 -64172.990414
3.085000e-05 314063.330269 -64417.017503
3.090000e-05 314689.006666 -64696.346871
3.095000e-05 314256.157541 -64630.140304
3.100000e-05 315841.093748 -65144.736321
3.105000e-05 315908.617552 -65328.763761
3.110000e-05 315752.724638 -65497.866899
3.115000e-05 316174.423591 -65741.501744
3.120000e-05 316302.892787 -65856.168348
3.125000e-05 316233.515934 -66127.411227
3.130000e-05 316488.858598 -66299.544882
3.135000e-05 316988.531543 -66536.546133
3.140000e-05 316069.832446 -66743.725052
3.145000e-05 316118.361290 -66712.321495
3.150000e-05 317498.176323 -67086.249970
3.155000e-05 316810.189801 -67235.104593
3.160000e-05 317809.084713 -67516.223306
3.165000e-05 318089.173712 -67776.155607
3.170000e-05 317742.976005 -67687.516094
3.175000e-05 317935.410011 -67678.913464
3.180000e-05 317956.218825 -67759.454690
3.185000e-05 317282.656652 -67607.210993
3.190000e-05 318208.841549 -67836.586937
3.195000e-05 316606.648181 -67390.196566
3.200000e-05 316679.644508 -66587.651246
3.205000e-05 316918.264198 -66589.891581
3.210000e-05 316598.311717 -66358.683412
3.215000e-05 316596.390686 -66256.626187
3.220000e-05 316586.067491 -66002.539962
3.225000e-05 316763.937433 -65955.375913
3.230000e-05 316477.772703 -65956.596248
3.235000e-05 316472.835918 -65969.787378
3.240000e-05 316662.884089 -66053.752459
3.245000e-05 316404.041251 -65971.489717
3.250000e-05 316782.572482 -66184.993363
3.255000e-05 316929.966801 -66208.949016
3.260000e-05 317071.881803 -66210.218058
3.265000e-05 317669.392153 -66315.052322
3.270000e-05 317782.133529 -66298.929004
3.275000e-05 317652.678336 -66348.851957
3.280000e-05 318272.320669 -66409.667585
3.285000e-05 318070.306028 -66328.473013
3.290000e-05 317813.157336 -66262.527069
3.295000e-05 317897.627545 -66263.489402
3.300000e-05 317721.165338 -66195.485343
3.305000e-05 318048.423529 -66201.572116
3.310000e-05 318116.872843 -66196.254064
3.315000e-05 317893.836533 -66160.445337
3.320000e-05 318054.956739 -66226.990494
3.325000e-05 318499.241419 -66304.153815
3.330000e-05 317939.443618 -66151.052324
3.335000e-05 318264.965102 -66212.204928
3.340000e-05 317897.811392 -66020.442146
3.345000e-05 317634.767045 -65941.541976
3.350000e-05 317718.641629 -66074.849827
3.355000e-05 317767.013121 -66052.733612
3.360000e-05 317821.221722 -65973.347485
3.365000e-05 317912.372643 -66207.334722
3.370000e-05 318072.850772 -65117.909257
3.375000e-05 317337.257266 -65476.352137
3.380000e-05 317061.208604 -65469.692252
3.385000e-05 317797.548347 -65714.416406
3.390000e-05 317852.764892 -66001.604267
3.395000e-05 317896.064034 -66344.034320
3.400000e-05 318627.028160 -66785.455012
3.405000e-05 317599.115974 -67109.429681
3.410000e-05 318208.226779 -67454.605608
3.415000e-05 318307.566103 -67992.508281
3.420000e-05 318376.473017 -68193.062791
3.425000e-05 318635.983590 -68390.833209
3.430000e-05 318507.847409 -68569.297149
3.435000e-05 318954.414565 -68705.508838
3.440000e-05 319766.333192 -69335.319332
3.445000e-05 318635.774280 -69568.237114
3.450000e-05 318552.599232 -69690.282848
3.455000e-05 320048.938247 -70589.504965
3.460000e-05 319999.592001 -70328.931195
3.465000e-05 319866.725207 -70456.098396
3.470000e-05 320039.898493 -70742.376126
3.475000e-05 319431.173818 -71010.883696
3.480000e-05 320117.003509 -70733.295947
3.485000e-05 320785.281052 -71355.523234
3.490000e-05 320601.660672 -71512.980461
3.495000e-05 320757.264387 -71495.071133
3.500000e-05 321133.056665 -71734.280404
3.505000e-05 318061.713516 -71543.076138
3.510000e-05 315753.942238 -71574.158665
3.515000e-05 319365.954711 -72169.883278
3.520000e-05 319268.228553 -71610.042396
3.525000e-05 312714.789112 -71348.998402
3.530000e-05 316767.528926 -73523.733034
3.535000e-05 316638.907059 -71615.252366
3.540000e-05 317718.622023 -71773.614671
3.545000e-05 318113.280861 -72958.580413
3.550000e-05 317814.659920 -72719.899244
3.555000e-05 318617.146025 -72771.424905
3.560000e-05 319255.434493 -73248.610233
3.565000e-05 319000.740248 -73687.371052
3.570000e-05 319432.395363 -73982.354433
3.575000e-05 320137.552815 -74077.124287
3.580000e-05 320131.436482 -74297.046569
3.585000e-05 320266.901189 -74514.867870
3.590000e-05 320295.544265 -74744.403352
3.595000e-05 320502.276745 -75075.923125
3.600000e-05 321128.735021 -75404.109099
3.605000e-05 319487.262504 -75252.045737
3.610000e-05 320483.710795 -75622.646562
3.615000e-05 321674.759215 -76292.132237
3.620000e-05 320016.909763 -76124.346626
3.625000e-05 321299.195908 -76633.349792
3.630000e-05 321731.869042 -76858.661357
3.635000e-05 320437.725850 -76715.530119
3.640000e-05 321918.592858 -77106.544950
3.645000e-05 321511.631587 -77355.245464
3.650000e-05 320734.656461 -77477.485386
3.655000e-05 320405.384274 -77691.979517
3.660000e-05 319139.032148 -77981.947827
3.665000e-05 320311.835620 -77552.672926
3.670000e-05 320362.813823 -77774.156037
3.675000e-05 320528.855108 -77878.617652
3.680000e-05 319895.873251 -77805.938588
3.685000e-05 319968.586569 -77761.416770
3.690000e-05 319600.505850 -77969.719504
3.695000e-05 318604.941255 -77916.863503
3.700000e-05 317404.420375 -77510.624728
3.705000e-05 318898.393577 -77643.332696
3.710000e-05 317346.671264 -77462.665469
3.715000e-05 317481.152638 -77490.701129
3.720000e-05 317530.546310 -77715.355349
3.725000e-05 316705.160253 -77524.211204
3.730000e-05 316230.921082 -77544.007848
3.735000e-05 316603.116014 -77684.349840
3.740000e-05 315777.899808 -77395.405296
3.745000e-05 316361.874285 -77432.226766
3.750000e-05 316130.524156 -77596.572851
3.755000e-05 315944.361000 -77697.958192
3.760000e-05 315753.022471 -77872.235581
3.765000e-05 315709.392907 -77922.052861
3.770000e-05 315352.711670 -77883.427154
3.775000e-05 315757.877532 -77994.065777
3.780000e-05 315828.826399 -78114.910780
3.785000e-05 315839.709055 -78094.701025
3.790000e-05 315626.894934 -78131.018959
3.795000e-05 315607.707671 -78231.808302
3.800000e-05 315375.926808 -78135.715775
3.805000e-05 315115.700900 -78137.245161
3.810000e-05 315861.453693 -78219.562303
3.815000e-05 315092.213089 -78251.776157
3.820000e-05 315021.177536 -78326.804626
3.825000e-05 315169.144748 -78435.851018
3.830000e-05 315462.777498 -78371.573334
3.835000e-05 315591.701433 -78406.108988
3.840000e-05 315411.968271 -78342.023320
3.845000e-05 314778.135656 -78152.753441
3.850000e-05 315120.614282 -78053.462764
3.855000e-05 315010.829788 -78049.511696
3.860000e-05 315283.146616 -78070.532291
3.865000e-05 315183.564346 -77925.512289
3.870000e-05 315106.516704 -77708.264506
3.875000e-05 315442.849516 -77728.737397
3.880000e-05 315295.306633 -77491.081701
3.885000e-05 314960.965190 -77413.310810
3.890000e-05 314558.741718 -77237.624972
3.895000e-05 315120.359806 -77134.269544
3.900000e-05 314673.967002 -77172.116354
3.905000e-05 314754.867735 -76940.768158
3.910000e-05 315498.235993 -76870.406051
3.915000e-05 315376.813300 -76590.691660
3.920000e-05 314625.551379 -76220.146800
3.925000e-05 315918.847641 -76424.396128
3.930000e-05 314406.440077 -76258.390041
3.935000e-05 313498.366858 -75775.857630
3.940000e-05 314068.160563 -75961.898488
3.945000e-05 313437.520040 -75456.226296
3.950000e-05 314304.014555 -75268.422627
3.955000e-05 315115.790997 -75566.628970
3.960000e-05 315098.362904 -75491.782636
3.965000e-05 312965.570275 -75496.377270
3.970000e-05 314893.787942 -75767.231058
3.975000e-05 315131.537575 -75094.419538
3.980000e-05 315427.527010 -75133.238351
3.985000e-05 315882.456586 -75173.153696
3.990000e-05 316590.835885 -75199.025900
3.995000e-05 317119.735563 -75030.890866
4.000000e-05 314738.865371 -75978.155492
4.005000e-05 314677.255333 -76010.182909
4.010000e-05 313960.803507 -75892.254594
4.015000e-05 307484.710655 -75433.810916
4.020000e-05 308662.635890 -76639.792887
4.025000e-05 307756.642405 -75984.771242
4.030000e-05 307618.005654 -75892.545776
4.035000e-05 308076.164188 -75780.525283
4.040000e-05 310099.594182 -76180.972937
4.045000e-05 309897.079370 -75410.149814
4.050000e-05 312074.543062 -76446.159717
4.055000e-05 312998.126802 -77412.785142
4.060000e-05 312160.627017 -77467.478863
4.065000e-05 311829.045539 -77684.236517
4.070000e-05 311390.079887 -77662.507470
4.075000e-05 311147.257138 -77386.045076
4.080000e-05 308615.480997 -77421.077638
4.085000e-05 309848.177411 -78101.105454
4.090000e-05 308587.440555 -77908.281776
4.095000e-05 306889.775729 -77047.438120
4.100000e-05 308308.676677 -77342.326507
4.105000e-05 309284.239812 -77514.125923
4.110000e-05 310264.517442 -77763.647106
4.115000e-05 311352.834958 -78379.194667
4.120000e-05 310966.468057 -78437.862410
4.125000e-05 311307.145518 -79033.658026
4.130000e-05 311629.660779 -79466.865700
4.135000e-05 310775.810672 -79687.828614
4.140000e-05 309713.808838 -79479.292272
4.145000e-05 309674.811901 -79361.162514
4.150000e-05 308847.707938 -79109.611849
4.155000e-05 310765.949957 -79764.745645
4.160000e-05 310712.827869 -79986.288445
4.165000e-05 312208.902182 -79656.428847
4.170000e-05 312537.777576 -79636.116328
4.175000e-05 311602.338657 -79180.581436
4.180000e-05 311831.180977 -79349.838305
4.185000e-05 312176.282913 -79398.609466
4.190000e-05 311414.028027 -79433.220984
4.195000e-05 311604.368162 -79653.750979
4.200000e-05 312220.124429 -80136.078197
4.205000e-05 312521.422922 -80241.578917
4.210000e-05 312297.533682 -80455.957992
4.215000e-05 312845.431305 -80843.089698
4.220000e-05 313743.514178 -81019.944296
4.225000e-05 314341.811394 -81429.685296
4.230000e-05 315355.969364 -82091.905129
4.235000e-05 315078.706354 -81967.676046
4.240000e-05 315482.948668 -81923.551164
4.245000e-05 315983.976880 -81971.733412
4.250000e-05 315593.194854 -81865.593531
4.255000e-05 314849.737375 -81863.317046
4.260000e-05 316227.171300 -82159.375867
4.265000e-05 316706.568092 -82303.537244
4.270000e-05 317897.075432 -83001.149702
4.275000e-05 319019.532194 -84070.857065
4.280000e-05 318652.753671 -84590.311451
4.285000e-05 318830.234305 -84922.586485
4.290000e-05 319503.506995 -85167.662714
4.295000e-05 319006.768767 -84724.924218
4.300000e-05 319303.455546 -84137.226873
4.305000e-05 319715.531570 -83517.217969
4.310000e-05 319533.241936 -83312.683019
4.315000e-05 319422.575429 -83639.086628
4.320000e-05 320057.270804 -84501.834440
4.325000e-05 320391.695114 -85666.620332
4.330000e-05 320896.637904 -86549.235246
4.335000e-05 321386.593248 -86723.855064
4.340000e-05 321720.910931 -86212.309685
4.345000e-05 321987.334037 -85425.086262
4.350000e-05 322501.132479 -85094.865943
4.355000e-05 322057.217092 -85186.943678
4.360000e-05 321355.393787 -85754.641070
4.365000e-05 321828.261012 -86761.019680
4.370000e-05 321918.915594 -87243.119402
4.375000e-05 322512.412746 -87239.259674
4.380000e-05 322706.530742 -86254.797580
4.385000e-05 317973.544515 -85242.403366
4.390000e-05 318897.059932 -85004.907239
4.395000e-05 319975.262926 -85252.708803
4.400000e-05 320360.461646 -87182.206134
4.405000e-05 320658.698933 -88394.125740
4.410000e-05 314506.636078 -88764.243886
4.415000e-05 319714.672499 -87392.084079
4.420000e-05 319405.296119 -85609.123551
4.425000e-05 321254.825791 -85130.517970
4.430000e-05 321922.001157 -86815.926178
4.435000e-05 322693.037315 -87854.467178
4.440000e-05 322576.210413 -88226.552996
4.445000e-05 321658.406036 -88349.592135
4.450000e-05 320837.349641 -86748.931515
4.455000e-05 320075.469963 -85411.275492
4.460000e-05 320676.281686 -85410.228680
4.465000e-05 321094.087064 -86064.941950
4.470000e-05 322182.311404 -87702.120562
4.475000e-05 322003.429013 -87937.313574
4.480000e-05 321389.646608 -86790.892607
4.485000e-05 322492.639464 -85379.285608
4.490000e-05 320914.100780 -84184.669639
4.495000e-05 318338.228884 -84141.469340
4.500000e-05 318575.564132 -85761.720431
4.505000e-05 317146.455542 -85109.292840
4.510000e-05 316824.190487 -84171.801161
4.515000e-05 316552.407712 -83015.121692
4.520000e-05 315952.124275 -81941.019364
4.525000e-05 317549.320701 -82775.642862
4.530000e-05 316441.098096 -84143.580125
4.535000e-05 315900.094152 -84358.675371
4.540000e-05 308591.514822 -82776.149915
4.545000e-05 313400.696907 -83476.812593
4.550000e-05 315542.974397 -82864.968004
4.555000e-05 316097.763198 -81526.170708
4.560000e-05 317681.869855 -83842.621481
4.565000e-05 316630.086844 -84661.589733
4.570000e-05 315388.803229 -83576.109567
4.575000e-05 314929.299907 -82364.680732
4.580000e-05 314891.776211 -82018.317870
4.585000e-05 315439.393307 -82662.455213
4.590000e-05 316155.397795 -84042.695413
4.595000e-05 315676.406029 -84588.861985
4.600000e-05 316119.882791 -84028.648235
4.605000e-05 317276.635206 -83808.190919
4.610000e-05 317237.451229 -84040.455294
4.615000e-05 315539.521365 -85452.025261
4.620000e-05 316906.311106 -86389.757617
4.625000e-05 316926.320276 -85873.019220
4.630000e-05 319806.364975 -85530.563883
4.635000e-05 319951.433150 -84682.879377
4.640000e-05 318984.565655 -85677.675470
4.645000e-05 319041.060697 -87565.522409
4.650000e-05 317126.917094 -87424.571378
4.655000e-05 317946.517448 -86750.098648
4.660000e-05 318696.193389 -86665.163785
4.665000e-05 316718.536216 -85958.065605
4.670000e-05 317480.220717 -87090.179571
4.675000e-05 316660.610644 -87782.419828
4.680000e-05 317912.708084 -87884.475433
4.685000e-05 317648.190339 -87528.520147
4.690000e-05 318242.544188 -86852.006509
4.695000e-05 318605.335368 -86935.956153
4.700000e-05 318159.425053 -87575.765234
4.705000e-05 318068.520291 -88394.013411
4.710000e-05 317258.196678 -87495.752300
4.715000e-05 317013.188753 -86345.513646
4.720000e-05 317618.174925 -86388.046012
4.725000e-05 316610.571608 -86734.297719
4.730000e-05 315803.858605 -87529.397651
4.735000e-05 317350.501091 -87720.087221
4.740000e-05 318453.121702 -87020.189436
4.745000e-05 319123.536315 -86860.479575
4.750000e-05 319797.680205 -87162.501993
4.755000e-05 319810.487481 -87430.484258
4.760000e-05 319719.889315 -87590.310503
4.765000e-05 319012.981985 -86817.524345
4.770000e-05 316460.848533 -86713.385476
4.775000e-05 317265.036001 -85796.792291
4.780000e-05 317814.744698 -86791.804542
4.785000e-05 318592.600079 -87672.274434
4.790000e-05 319017.243856 -87410.254003
4.795000e-05 319883.789375 -86792.175150
4.800000e-05 319219.564683 -86075.149873
4.805000e-05 318272.450289 -86498.594915
4.810000e-05 317468.714724 -87100.751678
4.815000e-05 317322.940921 -86965.806466
4.820000e-05 314873.436000 -85895.068777
4.825000e-05 315334.340178 -85008.829011
4.830000e-05 315425.597759 -84998.663325
4.835000e-05 314257.899982 -84775.560439
4.840000e-05 311461.362765 -85262.807584
4.845000e-05 314062.552242 -85379.551208
4.850000e-05 314444.133064 -84147.021694
4.855000e-05 315396.571420 -83488.469442
4.860000e-05 316081.129187 -83788.380464
4.865000e-05 316493.079358 -84198.946934
4.870000e-05 316653.452780 -84805.233773
4.875000e-05 316158.295847 -84524.315030
4.880000e-05 316094.380349 -84205.235567
4.885000e-05 317706.518997 -83597.582980
4.890000e-05 317600.375493 -83874.468641
4.895000e-05 312512.089076 -84422.665454
4.900000e-05 314191.369229 -84949.424355
4.905000e-05 313563.520812 -83406.690981
4.910000e-05 315692.369616 -82019.354967
4.915000e-05 315852.266461 -82743.579562
4.920000e-05 315203.228624 -82880.074604
4.925000e-05 315288.402012 -83523.113174
4.930000e-05 315781.128263 -84283.878526
4.935000e-05 314582.026311 -83426.824166
4.940000e-05 316076.822962 -82928.262910
4.945000e-05 315925.424583 -82620.792629
4.950000e-05 315779.867821 -82866.993427
4.955000e-05 316513.848072 -84837.462330
4.960000e-05 316965.319435 -86563.818165
4.965000e-05 316442.151364 -87636.878237
4.970000e-05 316544.717075 -87806.636207
4.975000e-05 317540.064868 -86507.292334
4.980000e-05 318202.130014 -85096.157562
4.985000e-05 318877.631499 -84295.333458
4.990000e-05 317996.455996 -83232.408815
4.995000e-05 318356.007116 -84091.470163
5.000000e-05 318490.128011 -85739.901833
5.005000e-05 318520.067919 -87861.614723
5.010000e-05 314492.128632 -90100.958347
5.015000e-05 315585.705429 -94331.842121
5.020000e-05 315359.384260 -91654.617835
5.025000e-05 315814.138509 -90560.005318
5.030000e-05 316432.805693 -90001.228917
5.035000e-05 316908.802911 -87837.163430
5.040000e-05 317797.408288 -85825.045178
5.045000e-05 317812.373069 -85086.857896
5.050000e-05 316543.394478 -85711.736988
5.055000e-05 317181.464689 -86825.509690
5.060000e-05 317411.913675 -89077.418443
5.065000e-05 317886.654239 -91945.173164
5.070000e-05 319499.445375 -95003.641958
5.075000e-05 320259.027267 -97293.022351
5.080000e-05 318466.235487 -98004.066704
5.085000e-05 317357.539905 -97208.220368
5.090000e-05 317729.838595 -94577.280858
5.095000e-05 318669.056391 -91335.318029
5.100000e-05 317642.056111 -87561.432519
5.105000e-05 317809.480539 -84451.922207
5.110000e-05 318071.754192 -82982.718451
5.115000e-05 318453.333081 -83352.523632
5.120000e-05 317511.328324 -84815.275478
5.125000e-05 317563.643316 -89196.354805
5.130000e-05 316340.944529 -94106.770207
5.135000e-05 316254.225036 -98253.166809
5.140000e-05 315226.883663 -99425.229984
5.145000e-05 317651.598135 -98364.667802
5.150000e-05 318262.760684 -95062.705014
5.155000e-05 316009.594887 -88723.000006
5.160000e-05 316353.088229 -82885.248242
5.165000e-05 316763.648143 -81438.556490
5.170000e-05 318251.983748 -82415.554671
5.175000e-05 317437.378404 -84580.476363
5.180000e-05 315160.936825 -91288.046571
5.185000e-05 315712.967331 -97930.718145
5.190000e-05 315070.144997 -100944.230527
5.195000e-05 314830.816940 -98901.031118
5.200000e-05 315124.261280 -92189.056224
5.205000e-05 316210.387433 -85693.660646
5.210000e-05 317507.325782 -83367.488577
5.215000e-05 318588.660217 -83842.983899
5.220000e-05 318526.239618 -86769.869535
5.225000e-05 317079.583714 -93869.561028
5.230000e-05 317651.512011 -101905.821156
5.235000e-05 317873.836723 -104701.078731
5.240000e-05 317151.238017 -100064.743776
5.245000e-05 316834.142847 -90637.837482
5.250000e-05 317511.266400 -84879.528933
5.255000e-05 318596.477314 -82560.264621
5.260000e-05 319712.024013 -85027.231226
5.265000e-05 320926.652574 -91201.660811
5.270000e-05 319830.870606 -100986.899523
5.275000e-05 316951.641377 -106733.226555
5.280000e-05 316276.202775 -103139.521700
5.285000e-05 317066.446608 -93531.456779
5.290000e-05 318092.731260 -86395.764603
5.295000e-05 317405.793533 -82338.269715
5.300000e-05 316760.352286 -82562.995993
5.305000e-05 316435.843246 -89583.616818
5.310000e-05 316819.875579 -99312.943175
5.315000e-05 316118.527929 -107187.947340
5.320000e-05 315675.780728 -102638.448085
5.325000e-05 316641.050918 -91738.326588
5.330000e-05 317368.522471 -83370.914944
5.335000e-05 319361.536361 -80622.215156
5.340000e-05 319189.834780 -85103.102398
5.345000e-05 318453.057935 -94676.761960
5.350000e-05 316658.420802 -106985.332876
5.355000e-05 317263.802336 -107808.009140
5.360000e-05 317486.309748 -97220.212382
5.365000e-05 317574.915315 -86254.716109
5.370000e-05 317523.720130 -80131.801274
5.375000e-05 319049.043807 -83312.101313
5.380000e-05 319834.640403 -92251.108209
5.385000e-05 318985.056306 -104838.912535
5.390000e-05 318573.581070 -108021.755233
5.395000e-05 319079.568481 -97316.596970
5.400000e-05 319084.295513 -85290.044159
5.405000e-05 318589.380218 -79100.384666
5.410000e-05 319095.178419 -82487.849500
5.415000e-05 319840.035464 -93767.172610
5.420000e-05 320173.595943 -108428.798903
5.425000e-05 319963.764644 -109166.471176
5.430000e-05 320465.476168 -96479.508750
5.435000e-05 320309.698226 -83552.361377
5.440000e-05 320830.753137 -78823.681388
5.445000e-05 320133.144742 -84987.063064
5.450000e-05 320719.382634 -98509.036788
5.455000e-05 316334.456763 -109252.421946
5.460000e-05 317405.671813 -104900.956163
5.465000e-05 316338.125029 -88588.535122
5.470000e-05 317461.886872 -78283.394611
5.475000e-05 318206.266584 -80052.640811
5.480000e-05 317318.969511 -91834.942446
5.485000e-05 318856.824598 -108297.719745
5.490000e-05 319069.299082 -110310.153355
5.495000e-05 317496.002276 -95781.540347
5.500000e-05 316591.343177 -81132.047741
5.505000e-05 318346.391164 -79033.583249
5.510000e-05 319951.282861 -88811.276468
5.515000e-05 315593.317172 -101906.907010
5.520000e-05 312298.958728 -105904.308290
5.525000e-05 313501.552034 -96348.369792
5.530000e-05 316477.811390 -83417.915187
5.535000e-05 319668.876477 -80003.513781
5.540000e-05 318847.544885 -86439.213736
5.545000e-05 317134.909747 -101693.119517
5.550000e-05 312202.399208 -107237.595730
5.555000e-05 312135.994434 -99186.049493
5.560000e-05 314025.173934 -85526.671060
5.565000e-05 319293.186031 -79819.202941
5.570000e-05 321443.873800 -87430.687248
5.575000e-05 319260.279007 -102160.928448
5.580000e-05 316268.845376 -110069.151812
5.585000e-05 315220.116586 -100607.272912
5.590000e-05 318471.361651 -86064.023923
5.595000e-05 322459.780393 -80732.045562
5.600000e-05 321547.871486 -87821.726178
5.605000e-05 318597.249572 -102863.961515
5.610000e-05 317374.824661 -109618.702858
5.615000e-05 317212.598016 -100920.969422
5.620000e-05 319110.750304 -87032.694584
5.625000e-05 322200.117640 -81337.211440
5.630000e-05 321935.065268 -88786.848125
5.635000e-05 320129.271428 -104465.913014
5.640000e-05 316796.142772 -110582.121949
5.645000e-05 317002.222620 -101122.268029
5.650000e-05 320299.816186 -86571.392916
5.655000e-05 323002.651915 -81709.660194
5.660000e-05 322312.469664 -90346.536866
5.665000e-05 319338.796946 -104410.839248
5.670000e-05 317089.390427 -109075.542763
5.675000e-05 318359.860999 -99176.023867
5.680000e-05 322167.694033 -86206.003018
5.685000e-05 324126.149478 -82165.911542
5.690000e-05 323957.362366 -92289.392499
5.695000e-05 320505.567915 -105824.728340
5.700000e-05 318848.603767 -109070.177590
5.705000e-05 320755.168156 -99428.286991
5.710000e-05 324428.601453 -86458.350497
5.715000e-05 327061.339195 -84555.290205
5.720000e-05 325789.287599 -95446.771147
5.725000e-05 322446.744858 -108145.170038
5.730000e-05 320548.086949 -109252.621798
5.735000e-05 321477.380309 -97895.172309
5.740000e-05 325712.814369 -85632.840491
5.745000e-05 328709.711826 -84568.508733
5.750000e-05 328141.840629 -96381.410955
5.755000e-05 324218.266783 -109335.026225
5.760000e-05 322170.511419 -110661.938988
5.765000e-05 323550.138901 -99286.506519
5.770000e-05 327170.855981 -87265.352524
5.775000e-05 329955.171458 -86278.794169
5.780000e-05 328859.503505 -97787.919367
5.785000e-05 324994.556739 -110051.461849
5.790000e-05 322617.475481 -110506.650958
5.795000e-05 324277.475450 -99399.994710
5.800000e-05 325816.147382 -86903.611620
5.805000e-05 329574.626584 -85086.506963
5.810000e-05 329281.190771 -96030.070311
5.815000e-05 325020.582118 -108766.513967
5.820000e-05 322615.966542 -111019.247700
5.825000e-05 322796.633592 -101088.719264
5.830000e-05 323973.210340 -88534.901914
5.835000e-05 326849.971666 -85970.105385
5.840000e-05 329153.713396 -95464.054146
5.845000e-05 327454.934255 -108298.018583
5.850000e-05 323362.304284 -112117.418650
5.855000e-05 323130.559555 -104337.172695
5.860000e-05 323126.092959 -91609.864153
5.865000e-05 326461.524588 -85926.078388
5.870000e-05 327915.361626 -92690.694467
5.875000e-05 323023.488945 -103914.164993
5.880000e-05 320555.538411 -111509.922655
5.885000e-05 319468.364904 -107930.805773
5.890000e-05 320113.980465 -94847.030110
5.895000e-05 324942.447276 -86239.301786
5.900000e-05 327996.746597 -88547.098365
5.905000e-05 327066.472780 -99181.987267
5.910000e-05 324042.544719 -110164.057175
5.915000e-05 319995.490876 -111393.000963
5.920000e-05 318099.273160 -101631.172242
5.925000e-05 321767.050136 -90364.083680
5.930000e-05 326437.201459 -86953.575576
5.935000e-05 329688.876969 -92753.265389
5.940000e-05 328422.952299 -103135.883707
5.945000e-05 322255.021400 -108108.934762
5.950000e-05 318293.619998 -105646.850039
5.955000e-05 317377.532822 -97295.072177
5.960000e-05 320523.769219 -89573.921873
5.965000e-05 326718.505323 -88131.686754
5.970000e-05 328225.355010 -93197.431013
5.975000e-05 326063.493973 -101668.126638
5.980000e-05 321577.491147 -107247.694175
5.985000e-05 316182.844027 -105216.285740
5.990000e-05 307938.164325 -97787.711804
5.995000e-05 316976.490987 -93610.992722
6.000000e-05 317889.591201 -84980.859760
6.005000e-05 319413.548425 -87585.222886
6.010000e-05 319837.973723 -94626.637221
6.015000e-05 318332.323266 -104694.014382
6.020000e-05 316011.863835 -109071.832355
6.025000e-05 315167.348070 -106092.162670
6.030000e-05 314722.878195 -97121.809229
6.035000e-05 314593.983284 -86296.236101
6.040000e-05 316157.837025 -83739.138380
6.045000e-05 317429.204537 -89251.406713
6.050000e-05 318089.033578 -101267.570584
6.055000e-05 317611.045015 -110816.116106
6.060000e-05 317538.072194 -114324.224710
6.065000e-05 316949.037302 -108091.403539
6.070000e-05 315289.181964 -95684.380546
6.075000e-05 314185.779987 -85065.076144
6.080000e-05 313639.398338 -80979.698662
6.085000e-05 313542.842629 -88345.981241
6.090000e-05 315918.920517 -102025.843777
6.095000e-05 318464.962610 -115823.984000
6.100000e-05 319817.532187 -120366.803366
6.105000e-05 315899.679502 -113330.459342
6.110000e-05 315302.145205 -98768.858557
6.115000e-05 312645.599775 -83437.615538
6.120000e-05 312845.574512 -80845.480459
6.125000e-05 312663.143319 -85496.630280
6.130000e-05 314574.317977 -103111.487838
6.135000e-05 313547.993042 -120066.692569
6.140000e-05 313273.637926 -125182.516910
6.145000e-05 312152.439587 -112588.900098
6.150000e-05 309250.407119 -91482.369862
6.155000e-05 307967.809760 -75680.630033
6.160000e-05 308269.624608 -76252.127789
6.165000e-05 308181.015895 -82066.969194
6.170000e-05 308483.027683 -106244.813418
6.175000e-05 307735.669575 -123241.888667
6.180000e-05 308521.547852 -118983.818676
6.185000e-05 307489.619342 -97515.421730
6.190000e-05 307226.091186 -75101.557379
6.195000e-05 308204.253781 -74760.582770
6.200000e-05 307902.721835 -76227.474735
6.205000e-05 308655.868709 -102414.726200
6.210000e-05 307765.433787 -125339.774003
6.215000e-05 308818.650072 -123639.911379
6.220000e-05 306538.373482 -96767.461658
6.225000e-05 304924.417688 -74007.404371
6.230000e-05 295246.155524 -73405.257268
6.235000e-05 300709.864650 -79656.834593
6.240000e-05 303769.254879 -111160.560311
6.245000e-05 304836.061323 -131377.027039
6.250000e-05 303631.721202 -120038.341184
6.255000e-05 305609.988191 -88362.490849
6.260000e-05 308397.304742 -77616.024235
6.265000e-05 310833.193916 -79707.523276
6.270000e-05 307842.941388 -90220.139114
6.275000e-05 308133.259912 -123056.810887
6.280000e-05 307820.634541 -131779.973475
6.285000e-05 306265.104576 -108657.887749
6.290000e-05 305794.049771 -80133.653095
6.295000e-05 312147.237460 -81093.422879
6.300000e-05 310997.758647 -79660.855154
6.305000e-05 309180.837397 -107566.523949
6.310000e-05 309699.665189 -133204.244552
6.315000e-05 307038.945207 -123047.838938
6.320000e-05 305421.690983 -89176.374032
6.325000e-05 309465.341271 -79947.046194
6.330000e-05 313666.620073 -81953.287548
6.335000e-05 310924.466227 -90730.003854
6.340000e-05 313022.677821 -127360.791093
6.345000e-05 311746.343603 -131836.553423
6.350000e-05 308169.664813 -101882.198679
6.355000e-05 306957.055766 -78821.295173
6.360000e-05 311860.495084 -82407.317750
6.365000e-05 311431.207215 -83427.932456
6.370000e-05 311484.981531 -119308.043518
6.375000e-05 311378.905021 -137054.252164
6.380000e-05 310246.020227 -113199.102903
6.385000e-05 307799.386155 -81012.206985
6.390000e-05 312811.662052 -83513.147584
6.395000e-05 313597.150695 -83225.867601
6.400000e-05 311758.641371 -110782.616915
6.405000e-05 316422.405899 -139555.788272
6.410000e-05 315106.107728 -124371.428229
6.415000e-05 307435.257771 -84030.640673
6.420000e-05 314351.092846 -83586.882381
6.425000e-05 316444.126401 -84015.524255
6.430000e-05 312237.322145 -102158.449262
6.435000e-05 316618.449535 -140506.340645
6.440000e-05 316455.769519 -134608.274119
6.445000e-05 309752.669649 -90968.692107
6.450000e-05 315594.637497 -83673.307836
6.455000e-05 320578.203769 -86796.219440
6.460000e-05 314119.731321 -91108.736113
6.465000e-05 313498.779190 -135525.569022
6.470000e-05 311488.094570 -135031.477393
6.475000e-05 308056.664404 -91974.375469
6.480000e-05 313526.688762 -83658.076484
6.485000e-05 317070.358117 -85645.141641
6.490000e-05 313280.643954 -90667.734237
6.495000e-05 311879.349484 -132345.852755
6.500000e-05 310013.003697 -136590.880506
6.505000e-05 306096.668511 -93576.543838
6.510000e-05 311249.153373 -82979.100567
6.515000e-05 314454.424858 -85218.926276
6.520000e-05 310747.430387 -89640.080148
6.525000e-05 307228.170048 -129363.908606
6.530000e-05 302687.965199 -135389.164952
6.535000e-05 301397.346979 -94355.170529
6.540000e-05 305355.480163 -79977.123044
6.545000e-05 309119.274876 -81644.624760
6.550000e-05 306848.288802 -86436.104667
6.555000e-05 305496.819888 -126716.109074
6.560000e-05 305423.233215 -137557.657432
6.565000e-05 302396.937777 -98642.987875
6.570000e-05 306161.748549 -80515.794043
6.575000e-05 311913.073261 -82170.553729
6.580000e-05 310822.636000 -86843.314106
6.585000e-05 307813.938982 -123599.037633
6.590000e-05 307030.759381 -143317.201586
6.595000e-05 301942.442929 -106734.655063
6.600000e-05 303665.279754 -81664.841111
6.605000e-05 310414.016694 -82364.783096
6.610000e-05 309400.202579 -86850.774919
6.615000e-05 306604.831947 -119320.004283
6.620000e-05 309252.091558 -147237.216567
6.625000e-05 304817.640117 -115866.928631
6.630000e-05 304931.663847 -85296.407593
6.635000e-05 311942.986382 -84222.504137
6.640000e-05 311345.473194 -88359.857545
6.645000e-05 308177.390829 -112734.857855
6.650000e-05 310324.209375 -148528.017789
6.655000e-05 305409.888994 -124894.676433
6.660000e-05 302047.308150 -86889.130506
6.665000e-05 308934.813891 -85621.072643
6.670000e-05 308755.595517 -89623.303405
6.675000e-05 303518.379588 -101024.145806
6.680000e-05 305391.850399 -143718.247246
6.685000e-05 302419.875078 -127590.008606
6.690000e-05 304834.269866 -91140.159494
6.695000e-05 312500.977300 -90086.775711
6.700000e-05 314873.348076 -92262.663499
6.705000e-05 308588.739059 -97078.617689
6.710000e-05 305263.468734 -140306.890718
6.715000e-05 302177.344969 -126263.153652
6.720000e-05 303677.784725 -90376.675457
6.725000e-05 313115.094640 -90117.977658
6.730000e-05 315461.675874 -92536.892200
6.735000e-05 310252.114253 -98426.040257
6.740000e-05 307891.018466 -140206.248149
6.745000e-05 305901.231278 -126580.702229
6.750000e-05 309343.328803 -92922.818307
6.755000e-05 315846.331693 -90797.051827
6.760000e-05 311846.689402 -94240.043866
6.765000e-05 308059.020938 -97910.264290
6.770000e-05 309585.545523 -140841.561252
6.775000e-05 308363.721520 -125875.723443
6.780000e-05 308146.388008 -90963.121386
6.785000e-05 310243.827863 -88402.360950
6.790000e-05 309507.712831 -88513.455961
6.795000e-05 309198.537539 -100809.934286
6.800000e-05 311291.503741 -144153.488321
6.805000e-05 311373.700207 -130974.620449
6.810000e-05 309496.355203 -92494.578820
6.815000e-05 312069.332899 -89303.893566
6.820000e-05 311280.934223 -89945.747245
6.825000e-05 310712.959285 -104443.790772
6.830000e-05 313830.421098 -148326.521449
6.835000e-05 312728.726305 -128350.173119
6.840000e-05 310450.196227 -90360.471674
6.845000e-05 311637.874046 -86336.859867
6.850000e-05 311750.168379 -86553.906062
6.855000e-05 311173.204957 -103590.767940
6.860000e-05 316254.428149 -150275.481116
6.865000e-05 314483.463331 -131092.131888
6.870000e-05 311133.123825 -90667.053608
6.875000e-05 313445.105617 -88960.572224
6.880000e-05 312033.889069 -88052.575368
6.885000e-05 312501.004317 -111336.670589
6.890000e-05 317418.315442 -153327.580256
6.895000e-05 314582.621956 -128891.056695
6.900000e-05 309830.292693 -88176.232244
6.905000e-05 312033.319284 -86525.888819
6.910000e-05 311758.160042 -84400.671297
6.915000e-05 312410.137799 -111651.702588
6.920000e-05 317469.292624 -151939.891620
6.925000e-05 312603.147569 -122917.051848
6.930000e-05 307171.060755 -86155.527750
6.935000e-05 309041.959305 -86288.479579
6.940000e-05 308708.214213 -84194.397263
6.945000e-05 311852.562941 -119620.788109
6.950000e-05 319291.882725 -156972.471377
6.955000e-05 314155.153330 -119854.367327
6.960000e-05 306463.923372 -82700.169676
6.965000e-05 308065.179768 -82612.803905
6.970000e-05 306916.703376 -82695.566644
6.975000e-05 313978.553558 -126338.772884
6.980000e-05 320616.405623 -157213.081545
6.985000e-05 313055.075326 -110620.524651
6.990000e-05 302992.312911 -75829.449339
6.995000e-05 305143.597090 -76861.206107
7.000000e-05 303695.482916 -81888.085024
7.005000e-05 312759.312729 -133485.611533
7.010000e-05 321554.561171 -157711.867803
7.015000e-05 311246.890360 -104344.623339
7.020000e-05 302090.310227 -75210.277155
7.025000e-05 308268.918116 -80119.720732
7.030000e-05 305627.147526 -80049.051039
7.035000e-05 310469.675911 -128402.981181
7.040000e-05 316741.800680 -155213.779324
7.045000e-05 308136.815768 -107743.505145
7.050000e-05 302721.622731 -76805.475342
7.055000e-05 311953.484018 -84765.328735
7.060000e-05 309103.080447 -83516.109408
7.065000e-05 309394.760377 -123937.384009
7.070000e-05 312420.288195 -150408.344737
7.075000e-05 307500.801058 -102747.707440
7.080000e-05 304488.070813 -77012.516020
7.085000e-05 313239.053761 -85798.454110
7.090000e-05 305384.132621 -79504.301839
7.095000e-05 306915.010730 -121217.899302
7.100000e-05 311448.781077 -152618.041818
7.105000e-05 307330.467673 -110311.353059
7.110000e-05 302149.897639 -78857.960722
7.115000e-05 309940.267187 -86043.579772
7.120000e-05 304500.833025 -79351.543847
7.125000e-05 306437.958236 -118620.529993
7.130000e-05 311229.938452 -146917.876889
7.135000e-05 305678.412451 -103060.345620
7.140000e-05 300477.338800 -77989.229423
7.145000e-05 310918.868507 -88417.321273
7.150000e-05 306345.378868 -81219.935911
7.155000e-05 307362.776140 -120164.079741
7.160000e-05 310985.074090 -150853.277393
7.165000e-05 305977.430658 -111852.924289
7.170000e-05 299705.892239 -78411.219230
7.175000e-05 310634.286188 -87847.191498
7.180000e-05 308627.630944 -81762.278371
7.185000e-05 309530.272430 -113925.421501
7.190000e-05 315167.808959 -149447.312680
7.195000e-05 311761.153684 -121465.517267
7.200000e-05 304427.040142 -85288.307459
7.205000e-05 313304.513482 -91349.081841
7.210000e-05 313751.566517 -88963.452407
7.215000e-05 310770.893766 -115485.192834
7.220000e-05 309108.613156 -144588.830113
7.225000e-05 304795.886486 -110328.217303
7.230000e-05 303460.748883 -79473.519779
7.235000e-05 314347.254049 -91536.660549
7.240000e-05 314805.966234 -85678.087493
7.245000e-05 311494.147207 -114201.478199
7.250000e-05 311606.671611 -152253.793125
7.255000e-05 309705.181974 -130618.821599
7.260000e-05 308446.127197 -94366.417513
7.265000e-05 316497.881838 -94993.647294
7.270000e-05 315214.599154 -91296.451329
7.275000e-05 311607.421048 -114705.552852
7.280000e-05 310362.248541 -139003.166125
7.285000e-05 306690.998343 -106788.776452
7.290000e-05 304186.718541 -79153.523011
7.295000e-05 315120.727477 -91225.637688
7.300000e-05 314999.384432 -89922.198551
7.305000e-05 310425.941725 -114717.141989
7.310000e-05 308701.704986 -153657.966088
7.315000e-05 306917.428039 -140237.095561
7.320000e-05 304363.359786 -104953.383169
7.325000e-05 308338.875283 -102546.601940
7.330000e-05 307250.749524 -97071.045282
7.335000e-05 303664.495573 -108621.801944
7.340000e-05 303753.019753 -130743.362077
7.345000e-05 300316.421959 -107245.943924
7.350000e-05 294459.453719 -81030.823426
7.355000e-05 303392.582009 -91124.027702
7.360000e-05 303885.995115 -90165.387723
7.365000e-05 299698.706827 -110259.828181
7.370000e-05 299776.405046 -150857.500620
7.375000e-05 300344.488969 -147732.828797
7.380000e-05 299814.810901 -110921.382406
7.385000e-05 303694.682588 -100295.269556
7.390000e-05 302936.960937 -93482.381053
7.395000e-05 298621.420739 -107322.688856
7.400000e-05 295607.392052 -123577.587869
7.405000e-05 292019.861343 -100979.578926
7.410000e-05 289708.458357 -76875.397960
7.415000e-05 298906.951917 -86579.088682
7.420000e-05 298155.255740 -86960.122223
7.425000e-05 296003.790411 -118361.951788
7.430000e-05 296559.995197 -162162.819945
7.435000e-05 298129.720033 -151352.273795
7.440000e-05 296728.739980 -106159.836067
7.445000e-05 299008.048542 -94002.198692
7.450000e-05 296234.195678 -83927.995583
7.455000e-05 292087.546938 -100043.911765
7.460000e-05 292328.603245 -119688.948072
7.465000e-05 286846.935043 -91970.020829
7.470000e-05 285593.949332 -74239.285079
7.475000e-05 294591.981078 -85401.595894
7.480000e-05 295834.889251 -88761.489719
7.485000e-05 298927.149987 -132928.634658
7.490000e-05 302334.021074 -166281.637362
7.495000e-05 298416.079725 -137257.475024
7.500000e-05 291002.838814 -86877.235338
7.505000e-05 295115.162561 -86909.573335
7.510000e-05 287456.642419 -77084.439065
7.515000e-05 280247.536941 -85595.810083
7.520000e-05 284844.045980 -114471.345825
7.525000e-05 283062.696991 -96381.757879
7.530000e-05 283038.916742 -78455.334064
7.535000e-05 293761.867828 -90620.601125
7.540000e-05 297383.508538 -102760.793183
7.545000e-05 300000.250111 -144465.227341
7.550000e-05 300785.568948 -151076.220046
7.555000e-05 291481.019635 -107997.283265
7.560000e-05 283902.816956 -76143.314901
7.565000e-05 289860.156780 -80008.719945
7.570000e-05 284443.008091 -72577.375111
7.575000e-05 275938.680458 -73282.343479
7.580000e-05 282940.846614 -111535.529487
7.585000e-05 286842.901655 -122458.644633
7.590000e-05 292655.981123 -110119.336568
7.595000e-05 298309.878718 -104234.048232
7.600000e-05 305808.850188 -122545.198923
7.605000e-05 305510.771727 -139168.251571
7.610000e-05 301947.255684 -134316.641175
7.615000e-05 291549.630659 -99099.930565
7.620000e-05 281626.871240 -70272.846073
7.625000e-05 286274.939427 -75196.501778
7.630000e-05 286639.513771 -73595.796500
7.635000e-05 282208.190084 -70382.012162
7.640000e-05 289632.860809 -116682.257591
7.645000e-05 300521.190940 -153243.643957
7.650000e-05 303614.416149 -152227.157875
7.655000e-05 305265.597767 -135946.836698
7.660000e-05 308243.601506 -129665.256702
7.665000e-05 307736.886546 -127281.253521
7.670000e-05 304836.644133 -125944.303818
7.675000e-05 295154.607381 -105549.609765
7.680000e-05 283408.735914 -71291.919372
7.685000e-05 284986.678624 -70649.073390
7.690000e-05 290317.092150 -76207.982071
7.695000e-05 290208.732564 -78151.725880
7.700000e-05 288938.499478 -93211.028091
7.705000e-05 299088.745165 -145921.801138
7.710000e-05 304700.433849 -170142.467111
7.715000e-05 304913.724514 -157957.821689
7.720000e-05 302027.753579 -126092.873189
7.725000e-05 296878.070506 -96366.027576
7.730000e-05 294615.356896 -91460.384768
7.735000e-05 291766.423942 -97219.478879
7.740000e-05 288851.676625 -95695.199451
7.745000e-05 283298.899836 -78191.666154
7.750000e-05 280445.099740 -69697.252494
7.755000e-05 286485.156506 -77179.546830
7.760000e-05 288916.155007 -80325.489813
7.765000e-05 291589.845983 -95047.230923
7.770000e-05 296510.225642 -136173.727069
7.775000e-05 300667.299605 -156164.787488
7.780000e-05 298147.621773 -138582.512414
7.785000e-05 287681.077276 -99721.129256
7.790000e-05 278018.247779 -70639.547151
7.795000e-05 281278.097086 -72018.369837
7.800000e-05 283199.617586 -71180.365756
7.805000e-05 280243.212902 -67752.152319
7.810000e-05 279346.829886 -88908.925510
7.815000e-05 285284.069547 -126373.765279
7.820000e-05 291105.197105 -144593.514322
7.825000e-05 292514.992441 -131955.101141
7.830000e-05 288416.790380 -107770.323717
7.835000e-05 284177.016253 -86362.776722
7.840000e-05 284671.439839 -86280.990684
7.845000e-05 283746.604658 -95606.772564
7.850000e-05 283621.015883 -102753.149632
7.855000e-05 284496.360084 -96446.174081
7.860000e-05 283484.125712 -76826.424387
7.865000e-05 283083.624742 -72470.440549
7.870000e-05 286698.038031 -76583.828306
7.875000e-05 286974.215603 -81895.082351
7.880000e-05 287683.810046 -102675.387099
7.885000e-05 288143.976501 -131347.900416
7.890000e-05 285686.632637 -138336.831034
7.895000e-05 280253.178246 -117351.547945
7.900000e-05 272472.391188 -86712.453097
7.905000e-05 266696.383672 -68832.108382
7.910000e-05 268720.554558 -70525.013859
7.915000e-05 269932.823814 -71677.829216
7.920000e-05 272353.590894 -75831.066853
7.925000e-05 273871.937906 -103997.202133
7.930000e-05 277559.398909 -137007.349756
7.935000e-05 278805.780067 -143488.035023
7.940000e-05 276871.765076 -125101.304402
7.945000e-05 275269.380606 -96744.617402
7.950000e-05 272282.452707 -77594.522600
7.955000e-05 270121.539018 -73616.528466
7.960000e-05 267886.992060 -75307.516860
7.965000e-05 266305.612817 -89188.373812
7.970000e-05 265491.487056 -100315.210060
7.975000e-05 268388.086640 -98426.510065
7.980000e-05 272008.031989 -92897.789311
7.985000e-05 274740.646959 -92405.297408
7.990000e-05 275785.759840 -100939.477164
7.995000e-05 274594.933663 -112786.910322
8.000000e-05 269622.934037 -120018.425419
8.005000e-05 264436.779206 -113087.166064
8.010000e-05 262539.570001 -97847.383671
8.015000e-05 259783.347798 -78449.875140
8.020000e-05 261241.978025 -74382.523989
8.025000e-05 264676.054583 -75807.718336
8.030000e-05 265417.819238 -82133.788243
8.035000e-05 267755.051324 -102075.442554
8.040000e-05 269454.761456 -123733.153519
8.045000e-05 272902.644434 -132266.862714
8.050000e-05 274587.295830 -127287.678046
8.055000e-05 276229.984160 -118022.070226
8.060000e-05 276990.010329 -112238.814935
8.065000e-05 276705.098374 -110591.900339
8.070000e-05 276267.616854 -110509.103641
8.075000e-05 273197.706112 -105834.546914
8.080000e-05 270324.403469 -95497.192835
8.085000e-05 269770.230684 -83530.914617
8.090000e-05 268550.653167 -76980.946381
8.095000e-05 267428.787589 -76961.490423
8.100000e-05 269025.378102 -89480.994284
8.105000e-05 272981.826363 -108917.010852
8.110000e-05 277532.518416 -127565.267225
8.115000e-05 278213.341373 -131925.267141
8.120000e-05 280617.795948 -123340.009842
8.125000e-05 281558.113204 -108491.266680
8.130000e-05 281955.032570 -95900.015450
8.135000e-05 279721.563369 -93514.931650
8.140000e-05 275611.525817 -96834.365328
8.145000e-05 272918.941355 -99145.083872
8.150000e-05 271298.138432 -96072.682004
8.155000e-05 269569.026246 -87887.952174
8.160000e-05 271710.410064 -81557.638986
8.165000e-05 275605.438621 -83085.408617
8.170000e-05 278310.391581 -95065.981769
8.175000e-05 280910.865695 -114629.211354
8.180000e-05 282423.302476 -134592.230029
8.185000e-05 282867.643861 -141016.994464
8.190000e-05 284372.674978 -131717.880239
8.195000e-05 282150.894709 -113508.840908
8.200000e-05 283237.035889 -97915.519016
8.205000e-05 285787.221845 -93293.098894
8.210000e-05 286975.488825 -97989.310354
8.215000e-05 287259.955762 -103046.283765
8.220000e-05 286340.114181 -102772.203956
8.225000e-05 283897.014820 -96613.669060
8.230000e-05 281731.135690 -86549.069504
8.235000e-05 279769.875005 -85111.383792
8.240000e-05 278587.229410 -94561.024248
8.245000e-05 278953.293860 -114994.936177
8.250000e-05 279605.779785 -135507.264225
8.255000e-05 281948.325018 -142390.854759
8.260000e-05 284542.038556 -133490.086983
8.265000e-05 287280.830212 -116951.741124
8.270000e-05 288864.383211 -103314.019314
8.275000e-05 289152.643546 -101023.197997
8.280000e-05 291116.985891 -110124.537644
8.285000e-05 291577.640381 -117643.568991
8.290000e-05 289732.577039 -115402.177261
8.295000e-05 285469.835653 -103531.263920
8.300000e-05 278898.129011 -88749.284214
8.305000e-05 274344.688296 -84722.836995
8.310000e-05 271853.782745 -88923.323509
8.315000e-05 273711.843441 -105442.367231
8.320000e-05 276783.892720 -121515.391008
8.325000e-05 280872.959383 -125146.109459
8.330000e-05 280505.067205 -114453.438386
8.335000e-05 280713.785084 -98431.398321
8.340000e-05 283180.119412 -90859.682060
8.345000e-05 284858.733742 -95785.773157
8.350000e-05 285707.400344 -114415.034364
8.355000e-05 286395.543454 -132950.591747
8.360000e-05 285937.755342 -137501.835211
8.365000e-05 282164.615923 -125242.308217
8.370000e-05 276652.995181 -105156.337339
8.375000e-05 272494.543345 -90679.454388
8.380000e-05 273792.277197 -88356.217777
8.385000e-05 275225.280072 -102752.925241
8.390000e-05 278474.764778 -118176.446582
8.395000e-05 282791.165580 -122818.671157
8.400000e-05 279508.027799 -112222.816350
8.405000e-05 276122.772807 -95072.446291
8.410000e-05 276976.011557 -89524.661514
8.415000e-05 276696.532267 -92162.780048
8.420000e-05 277124.119080 -106354.296659
8.425000e-05 280676.301753 -127607.116728
8.430000e-05 282979.511184 -136662.086875
8.435000e-05 280899.255090 -126606.902853
8.440000e-05 277309.372669 -105466.967810
8.445000e-05 274616.164168 -89856.725810
8.450000e-05 275889.833181 -88376.730975
8.455000e-05 277681.731492 -95009.741617
8.460000e-05 280833.799581 -115313.049997
8.465000e-05 284225.996905 -129194.116512
8.470000e-05 279889.076081 -125681.921247
8.475000e-05 276379.469034 -107637.172453
8.480000e-05 268251.418361 -92053.588161
8.485000e-05 268794.052948 -91379.124441
8.490000e-05 269561.149077 -97040.932426
8.495000e-05 272242.019513 -116241.171162
8.500000e-05 276020.709715 -130666.506807
8.505000e-05 277996.803257 -126148.429623
8.510000e-05 278464.266779 -105416.373585
8.515000e-05 275822.723575 -89284.128974
8.520000e-05 274029.499290 -83374.185466
8.525000e-05 273252.978221 -87940.748429
8.530000e-05 275677.857036 -103808.869844
8.535000e-05 276980.076608 -125993.972567
8.540000e-05 276204.486552 -132914.768826
8.545000e-05 273910.750118 -122487.292055
8.550000e-05 269491.662022 -105940.957242
8.555000e-05 270864.893961 -101518.102186
8.560000e-05 272578.460123 -113941.799898
8.565000e-05 276436.628040 -129605.403942
8.570000e-05 278076.408488 -137714.591911
8.575000e-05 275190.380293 -123116.496116
8.580000e-05 272085.475656 -95577.031273
8.585000e-05 268393.448063 -79483.667114
8.590000e-05 266425.271238 -76337.357875
8.595000e-05 267087.326078 -83788.281999
8.600000e-05 268445.266977 -102332.404595
8.605000e-05 268285.859015 -117504.554754
8.610000e-05 268745.292964 -113894.379474
8.615000e-05 270229.159190 -100990.413180
8.620000e-05 271527.540454 -95969.210243
8.625000e-05 275897.130423 -103936.249883
8.630000e-05 278275.096526 -124892.620955
8.635000e-05 276998.527049 -141920.740882
8.640000e-05 275591.793271 -138303.147783
8.645000e-05 273244.948229 -114676.960492
8.650000e-05 268342.090521 -90980.748124
8.655000e-05 264939.945820 -81028.024561
8.660000e-05 266147.782067 -84669.318951
8.665000e-05 268359.538724 -99466.972352
8.670000e-05 270418.512909 -118645.461113
8.675000e-05 270113.228093 -122870.920251
8.680000e-05 268359.144511 -110949.466523
8.685000e-05 266946.600201 -94947.781685
8.690000e-05 266692.662874 -91820.122219
8.695000e-05 267798.566971 -103042.670273
8.700000e-05 269179.407647 -123757.796887
8.705000e-05 271084.487618 -135632.461417
8.710000e-05 270051.687706 -127425.838198
8.715000e-05 267916.139340 -104335.309765
8.720000e-05 264671.620246 -82756.706381
8.725000e-05 265692.789062 -76862.024602
8.730000e-05 268300.432174 -83595.517777
8.735000e-05 273486.362444 -106818.766343
8.740000e-05 278654.077965 -131385.153349
8.745000e-05 279540.279236 -139139.196358
8.750000e-05 277063.446224 -125995.826681
8.755000e-05 272163.453173 -101666.941522
8.760000e-05 267301.685841 -85468.183471
8.765000e-05 264672.215597 -87986.115846
8.770000e-05 265628.014434 -105463.517569
8.775000e-05 267790.263254 -120125.475659
8.780000e-05 266215.875884 -118971.878591
8.785000e-05 264985.496877 -101216.004513
8.790000e-05 264907.714068 -81242.255578
8.795000e-05 268020.461885 -76857.271994
8.800000e-05 271834.988316 -84211.566443
8.805000e-05 278298.503042 -109873.065428
8.810000e-05 284749.300256 -140052.254731
8.815000e-05 287496.502122 -151652.867239
8.820000e-05 285699.767330 -137877.041703
8.825000e-05 278139.032635 -107756.657759
8.830000e-05 271549.184205 -81963.974478
8.835000e-05 267965.304669 -76823.429617
8.840000e-05 266535.688509 -84117.687120
8.845000e-05 270223.915399 -105825.943772
8.850000e-05 273621.952332 -122965.009150
8.855000e-05 277099.146745 -122729.669886
8.860000e-05 278633.582633 -108313.822628
8.865000e-05 277989.565793 -91786.064056
8.870000e-05 280214.005518 -87772.510127
8.875000e-05 280122.895569 -101077.757367
8.880000e-05 285773.528791 -124010.124234
8.885000e-05 285127.956557 -144828.684433
8.890000e-05 284101.915903 -143757.595180
8.895000e-05 279510.245527 -121755.497252
8.900000e-05 272872.127592 -93540.396702
8.905000e-05 269651.796749 -79465.555343
8.910000e-05 269797.765086 -79532.757559
8.915000e-05 268573.779372 -90806.666729
8.920000e-05 271448.649408 -118701.303706
8.925000e-05 271077.460634 -140972.492852
8.930000e-05 274815.735600 -143801.960182
8.935000e-05 273327.579574 -125426.681417
8.940000e-05 273962.021428 -100737.633693
8.945000e-05 275059.523636 -86041.983379
8.950000e-05 277383.184531 -92338.096630
8.955000e-05 279609.947703 -113456.969021
8.960000e-05 281831.541070 -133732.049767
8.965000e-05 279154.290648 -137324.068386
8.970000e-05 274752.065953 -122359.267018
8.975000e-05 270290.286028 -98010.429843
8.980000e-05 264666.093405 -78652.436788
8.985000e-05 263865.433587 -79146.881977
8.990000e-05 263145.928692 -87040.197688
8.995000e-05 267895.361969 -119328.997597
9.000000e-05 274897.090349 -150225.227070
9.005000e-05 277662.395891 -156497.203649
9.010000e-05 276564.850720 -133479.152348
9.015000e-05 274129.414031 -99468.296687
9.020000e-05 270580.739980 -79422.509884
9.025000e-05 272782.429825 -80933.384282
9.030000e-05 271039.523230 -80954.209109
9.035000e-05 270169.743260 -110274.048075
9.040000e-05 273104.501439 -138418.770740
9.045000e-05 268222.156808 -146035.451003
9.050000e-05 267036.685992 -130972.028985
9.055000e-05 264775.221053 -104643.164415
9.060000e-05 264156.596961 -84662.957393
9.065000e-05 267072.841861 -86106.996761
9.070000e-05 267874.697168 -101456.650227
9.075000e-05 273325.864052 -133758.127148
9.080000e-05 274121.445367 -145631.561057
9.085000e-05 270252.944013 -128599.438024
9.090000e-05 264619.106012 -94697.116805
9.095000e-05 264307.166308 -82178.084111
9.100000e-05 271249.605133 -87156.562291
9.105000e-05 269535.998156 -87572.685004
9.110000e-05 274792.873552 -126739.812110
9.115000e-05 278584.778642 -157837.874504
9.120000e-05 277186.357109 -149910.658066
9.125000e-05 266575.794174 -108986.274149
9.130000e-05 257648.077789 -77959.816892
9.135000e-05 262161.719312 -83500.816277
9.140000e-05 261739.895937 -81638.778376
9.145000e-05 257879.413992 -89631.822418
9.150000e-05 270771.325451 -147032.188540
9.155000e-05 279895.461397 -169323.707101
9.160000e-05 279481.766446 -141020.202260
9.165000e-05 270014.871519 -90445.216831
9.170000e-05 271191.010471 -87910.801387
9.175000e-05 269117.537630 -85490.719730
9.180000e-05 263196.536337 -88124.888505
9.185000e-05 267094.071382 -135125.449407
9.190000e-05 267291.964443 -144729.637200
9.195000e-05 266498.860252 -107789.290615
9.200000e-05 263952.760683 -82644.813991
9.205000e-05 273823.116806 -91255.823402
9.210000e-05 273709.865713 -89063.047582
9.215000e-05 274971.819045 -120669.570465
9.220000e-05 277605.279809 -157058.009048
9.225000e-05 269482.299696 -131471.065834
9.230000e-05 263589.039868 -83373.871176
9.235000e-05 268038.657458 -85209.070059
9.240000e-05 270011.586934 -85733.203774
9.245000e-05 265628.785415 -88386.785001
9.250000e-05 269597.250792 -146896.555243
9.255000e-05 273830.011787 -163428.660673
9.260000e-05 275073.691415 -114340.553197
9.265000e-05 276993.369891 -91626.966719
9.270000e-05 279140.502426 -92476.682350
9.275000e-05 271089.182815 -90766.345087
9.280000e-05 266831.120237 -130958.996337
9.285000e-05 262916.753935 -131267.582529
9.290000e-05 260467.089736 -84360.840506
9.295000e-05 269411.884201 -85268.865186
9.300000e-05 278275.196069 -91872.101323
9.305000e-05 276864.962169 -94102.695444
9.310000e-05 280453.673280 -151475.312886
9.315000e-05 280287.038064 -169302.685130
9.320000e-05 270273.780901 -101194.489743
9.325000e-05 270124.624274 -86515.116830
9.330000e-05 273345.080712 -86514.049347
9.335000e-05 264530.733973 -74608.278286
9.340000e-05 262695.729199 -121939.989414
9.345000e-05 266674.018602 -145159.460176
9.350000e-05 263130.630894 -89526.772049
9.355000e-05 271068.983436 -88194.888238
9.360000e-05 277141.854279 -92774.137242
9.365000e-05 272681.511771 -96180.814824
9.370000e-05 275348.560834 -150017.872472
9.375000e-05 267749.072965 -127705.726678
9.380000e-05 255848.594669 -67835.027124
9.385000e-05 266403.114379 -77314.271722
9.390000e-05 270118.341121 -77720.674029
9.395000e-05 263977.865217 -67963.054452
9.400000e-05 271463.870617 -146880.855658
9.405000e-05 281233.103138 -177088.217607
9.410000e-05 273759.603512 -112166.135332
9.415000e-05 276621.715377 -92052.341265
9.420000e-05 275486.746797 -87361.763519
9.425000e-05 266397.891417 -94390.354819
9.430000e-05 264852.468187 -119168.763204
9.435000e-05 250580.907311 -66796.715895
9.440000e-05 255474.376560 -64251.376441
9.445000e-05 268098.774276 -75520.758139
9.450000e-05 272208.655905 -76719.729515
9.455000e-05 269563.680873 -85734.466496
9.460000e-05 290080.145724 -179678.291702
9.465000e-05 285376.369006 -165999.802176
9.470000e-05 268243.421309 -87763.825763
9.475000e-05 265703.399907 -83747.386164
9.480000e-05 256728.938756 -71002.740461
9.485000e-05 253957.849621 -86259.416755
9.490000e-05 253609.315595 -94302.235409
9.495000e-05 253111.941043 -58367.451834
9.500000e-05 266644.234779 -71945.047379
9.505000e-05 275694.436628 -83540.000083
9.510000e-05 276585.041927 -97377.269087
9.515000e-05 285408.984014 -157671.572330
9.520000e-05 282246.599281 -156289.074768
9.525000e-05 265386.559856 -85910.545727
9.530000e-05 255236.421974 -72371.857022
9.535000e-05 248566.577118 -63948.641360
9.540000e-05 243025.120486 -56463.687454
9.545000e-05 243783.707830 -68766.605235
9.550000e-05 251491.485803 -72530.917002
9.555000e-05 261797.074469 -73691.059057
9.560000e-05 273193.701701 -89086.735425
9.565000e-05 283247.612554 -123671.100004
9.570000e-05 287356.117332 -169721.391315
9.575000e-05 283882.603001 -158339.561819
9.580000e-05 271059.559451 -95229.504845
9.585000e-05 258611.779367 -68593.051091
9.590000e-05 250755.073263 -62121.596256
9.595000e-05 246196.155630 -57517.509343
9.600000e-05 245520.281778 -56808.091865
9.605000e-05 250017.427756 -62557.727153
9.610000e-05 258431.277273 -72419.105441
9.615000e-05 266768.532488 -88916.039624
9.620000e-05 277368.409393 -138135.692992
9.625000e-05 283421.361690 -178310.758450
9.630000e-05 281824.973621 -168841.151327
9.635000e-05 275758.768772 -121529.704788
9.640000e-05 270212.408546 -81060.484035
9.645000e-05 265836.407397 -71940.780293
9.650000e-05 261895.612671 -63641.798065
9.655000e-05 257925.799369 -60979.109796
9.660000e-05 254926.597524 -61924.471755
9.665000e-05 254489.131840 -67876.758890
9.670000e-05 257111.473167 -76265.090559
9.675000e-05 265765.918499 -109224.443398
9.680000e-05 274187.440288 -157908.749309
9.685000e-05 282819.727544 -173618.571852
9.690000e-05 287550.695267 -157201.502599
9.695000e-05 287626.668180 -122604.223123
9.700000e-05 285455.035149 -95626.112958
9.705000e-05 279162.773800 -78498.615535
9.710000e-05 271320.811329 -67983.486550
9.715000e-05 263221.560093 -63490.334322
9.720000e-05 256726.309039 -63785.763335
9.725000e-05 253603.794421 -67238.913745
9.730000e-05 256143.467164 -76738.183528
9.735000e-05 265296.233763 -110602.456797
9.740000e-05 275326.872018 -149381.834628
9.745000e-05 286173.045540 -165748.398737
9.750000e-05 295083.894754 -159211.851942
9.755000e-05 299153.800405 -137215.717956
9.760000e-05 298669.793336 -115650.124193
9.765000e-05 292781.874290 -98524.224044
9.770000e-05 284876.969216 -84104.981770
9.775000e-05 274065.910023 -71995.521198
9.780000e-05 267611.279431 -70430.736732
9.785000e-05 261798.201768 -69659.116890
9.790000e-05 261760.425198 -72628.885369
9.795000e-05 266413.192636 -90960.938547
9.800000e-05 274538.458799 -118178.283278
9.805000e-05 282805.282513 -142932.006415
9.810000e-05 289070.006245 -152024.954669
9.815000e-05 292828.486656 -145707.552329
9.820000e-05 293398.247775 -126791.809750
9.825000e-05 294876.070211 -107413.636489
9.830000e-05 290648.228346 -91561.757742
9.835000e-05 289325.892439 -84497.819967
9.840000e-05 286164.961821 -83928.678678
9.845000e-05 282891.563416 -87544.450895
9.850000e-05 279145.694247 -94157.011822
9.855000e-05 275914.935449 -100699.039549
9.860000e-05 272060.811713 -105960.016972
9.865000e-05 271370.170571 -108828.237225
9.870000e-05 273275.018427 -110743.157632
9.875000e-05 276735.092990 -113712.276158
9.880000e-05 281436.272049 -115866.741903
9.885000e-05 288448.107174 -118368.723424
9.890000e-05 294530.306435 -118442.098216
9.895000e-05 297540.879012 -117899.673745
9.900000e-05 298024.264626 -116545.530463
9.905000e-05 294152.967646 -112950.675674
9.910000e-05 288054.782597 -108631.767560
9.915000e-05 284828.860466 -103312.430620
9.920000e-05 278966.156972 -98286.354850
9.925000e-05 275219.452496 -95554.821391
9.930000e-05 275795.374226 -97611.741483
9.935000e-05 278225.611166 -105506.096459
9.940000e-05 281521.388720 -116638.110614
9.945000e-05 285119.173824 -126885.831911
9.950000e-05 286168.965807 -128172.143113
9.955000e-05 286560.236122 -122956.209907
9.960000e-05 284377.913294 -112025.352751
9.965000e-05 281706.704975 -98196.381819
9.970000e-05 276333.148414 -82816.369118
9.975000e-05 272742.199950 -79200.718907
9.980000e-05 271751.199751 -79701.569514
9.985000e-05 271365.181095 -83062.537568
9.990000e-05 275656.939568 -98002.964612
9.995000e-05 281233.659698 -127528.775394
