0.000000e+00 0.000000 0.000000
7.996354e-07 0.000000 0.000000
1.599271e-06 170608.027776 -50282.802308
2.398906e-06 186987.059170 -62447.307070
3.198542e-06 191637.098699 -54473.629456
3.998177e-06 199211.994339 -53403.831669
4.797812e-06 198185.336690 -49819.688344
5.597448e-06 204425.889751 -56105.892935
6.397083e-06 203755.231337 -61951.149585
7.196719e-06 202064.941649 -66580.811885
7.996354e-06 194372.329043 -64319.407254
8.795989e-06 194113.724345 -66261.879441
9.595625e-06 176480.833608 -50905.171833
1.039526e-05 172037.718670 -48886.768546
1.119490e-05 173770.228842 -48315.682535
1.199453e-05 167944.005770 -46318.205181
1.279417e-05 169309.261700 -38025.076747
1.359380e-05 166445.469892 -33802.939132
1.439344e-05 174406.830229 -33941.244539
1.519307e-05 178811.319137 -37694.054037
1.599271e-05 177545.758617 -37568.525663
1.679234e-05 178346.909483 -35347.890413
1.759198e-05 171288.235447 -26772.057981
1.839161e-05 174842.961337 -29465.289719
1.919125e-05 173832.791607 -33628.925146
1.999088e-05 171198.852184 -35883.842642
2.079052e-05 172439.653720 -20876.954858
2.159016e-05 171898.911223 -50915.498562
2.238979e-05 166514.901472 -50278.822835
2.318943e-05 165231.823498 -49803.773024
2.398906e-05 165859.382759 -53735.227790
2.478870e-05 172665.891211 -45859.879614
2.558833e-05 176618.783173 -50871.089170
2.638797e-05 189589.199345 -55288.068655
2.718760e-05 183091.050122 -31653.437932
2.798724e-05 165592.942712 -32362.814835
2.878687e-05 178656.423185 -38135.430871
2.958651e-05 178607.274081 -39061.151215
3.038615e-05 174829.700415 -38644.932208
3.118578e-05 167954.692346 -32951.116109
3.198542e-05 168770.348198 -34155.479757
3.278505e-05 167790.714135 -35701.716295
3.358469e-05 155684.727300 -29606.579043
3.438432e-05 167091.766106 -29777.755563
3.518396e-05 164789.179709 -29218.750554
3.598359e-05 168276.622777 -30471.063052
3.678323e-05 172224.468915 -28577.673487
3.758286e-05 174958.274842 -17755.415147
3.838250e-05 181420.564608 -20156.403378
3.918213e-05 177481.192672 -25167.154036
3.998177e-05 175921.086490 -31809.585924
4.078141e-05 173211.614182 -29830.664270
4.158104e-05 177809.162734 -32262.166092
4.238068e-05 164776.279918 -40306.943071
4.318031e-05 166785.791578 -45200.344721
4.397995e-05 171106.020193 -35757.152990
4.477958e-05 168048.513298 -42652.968310
4.557922e-05 176902.479675 -38699.648573
4.637885e-05 179346.819514 -29143.709117
4.717849e-05 184813.544136 -39252.681712
4.797812e-05 185144.735705 -38788.804633
4.877776e-05 177031.236879 -34114.233792
4.957739e-05 182118.990391 -37938.113967
5.037703e-05 183142.907879 -43316.001328
5.117667e-05 184142.482627 -46993.614300
5.197630e-05 192891.342912 -43249.729239
5.277594e-05 186544.692357 -46354.216691
5.357557e-05 173378.362367 -41921.670733
5.437521e-05 181872.719351 -48294.217582
5.517484e-05 169915.783435 -26943.934834
5.597448e-05 163970.345734 -46370.943282
5.677411e-05 157662.481408 -36891.459106
5.757375e-05 174237.058334 -52166.097568
5.837338e-05 163724.955682 -49654.823841
5.917302e-05 159656.460307 -44846.639997
5.997265e-05 164989.084090 -42234.500198
6.077229e-05 182368.603727 -36255.674040
6.157193e-05 187462.611051 -34477.604070
6.237156e-05 193992.005649 -40432.654410
6.317120e-05 201430.844213 -48601.651425
6.397083e-05 197669.817366 -45777.105736
6.477047e-05 198727.307139 -49492.005164
6.557010e-05 190139.848960 -46624.805841
6.636974e-05 188195.946108 -55624.780551
6.716937e-05 181564.925296 -35972.927506
6.796901e-05 185613.047647 -29655.559853
6.876864e-05 176463.255694 -47665.163075
6.956828e-05 165782.105889 -47588.312268
7.036792e-05 168388.181751 -40106.285572
7.116755e-05 164960.587770 -42703.741682
7.196719e-05 172576.290328 -41448.515193
7.276682e-05 172694.617464 -14150.099626
7.356646e-05 172713.287682 -32258.161551
7.436609e-05 177412.511756 -22607.982221
7.516573e-05 178508.910175 -35226.607881
7.596536e-05 170649.130013 -40263.319543
7.676500e-05 170929.042134 -38695.727951
7.756463e-05 167407.931258 -30203.707308
7.836427e-05 174260.465535 -37079.152618
7.916390e-05 175195.689232 -41587.470253
7.996354e-05 182865.934271 -56550.900319
8.076318e-05 178229.630079 -54171.679981
8.156281e-05 182386.796937 -49547.336788
8.236245e-05 184390.111406 -54970.030055
8.316208e-05 181509.216456 -66784.806178
8.396172e-05 179491.384899 -56284.457131
8.476135e-05 163475.262880 -45739.743753
8.556099e-05 176600.071795 -36406.875433
8.636062e-05 183756.449540 -51894.181242
8.716026e-05 183909.587555 -58391.429730
8.795989e-05 180017.370047 -26261.304727
8.875953e-05 183990.846956 -26532.285041
8.955916e-05 180784.677001 -38646.862669
9.035880e-05 182783.609690 -36524.591959
9.115844e-05 180715.115498 -38722.279645
9.195807e-05 176739.604396 -38368.125090
9.275771e-05 175094.120518 -45498.836857
9.355734e-05 183813.290606 -53390.775222
9.435698e-05 194635.158931 -48000.975219
9.515661e-05 194853.866279 -42577.669253
9.595625e-05 177973.452185 -38857.533404
9.675588e-05 185869.024386 -41712.913188
9.755552e-05 188865.144684 -46410.745772
9.835515e-05 182515.603438 -28499.741723
9.915479e-05 191970.996959 -38536.162245
9.995442e-05 181982.207019 -39843.300668
1.007541e-04 179903.751328 -40686.055683
1.015537e-04 178004.485989 -33785.010444
1.023533e-04 175369.633425 -34640.045820
1.031530e-04 169681.106419 -39434.733230
1.039526e-04 172929.463343 -43911.378243
1.047522e-04 169882.764868 -51849.230290
1.055519e-04 157359.050313 -52987.947219
1.063515e-04 169235.202461 -52658.774755
1.071511e-04 164999.734864 -50689.435160
1.079508e-04 177562.441590 -38461.832588
1.087504e-04 184245.115105 -55191.126897
1.095500e-04 185789.868198 -43463.535280
1.103497e-04 183834.517701 -36925.391855
1.111493e-04 191352.949379 -41150.400492
1.119490e-04 196641.540279 -48049.458930
1.127486e-04 196771.841495 -54994.748592
1.135482e-04 196896.052712 -54368.700083
1.143479e-04 192488.321344 -57958.918806
1.151475e-04 191497.483844 -59283.753499
1.159471e-04 185380.822106 -60500.782599
1.167468e-04 179455.947585 -50339.580299
1.175464e-04 171179.532784 -52798.772520
1.183460e-04 165467.998462 -60296.672534
1.191457e-04 173055.046365 -56029.251108
1.199453e-04 166659.945053 -41735.240843
